
TEST NUMBER 1 CROSSFOLD NUMBER -------------------- 1 
21 16 17 14 6 20 1 19 15 18 4 12 11 8 3 13 10 22 9 2 7 5 
age.3 RPDE DFA NHR Jitter.PPQ5 age.2 age age.1 HNR PPE Jitter.Abs. Shimmer.APQ11 Shimmer.APQ5 Shimmer Jitter... Shimmer.DDA Shimmer.APQ3 DFA.1 Shimmer.dB. test_time Jitter.DDP Jitter.RAP 
55.7528 27.96714 26.21151 25.88259 25.41583 24.51796 23.56354 14.73248 12.77518 12.68023 12.55695 12.46427 12.47659 12.4882 12.5085 12.52838 12.543 12.56437 12.57708 12.57435 11.7239 11.74385 
32.46267 30.94425 29.26577 27.93639 24.75053 23.82462 15.18899 14.0203 13.71854 13.37749 13.19819 13.1637 13.11824 13.10398 13.12088 13.14614 13.14235 13.16756 13.24529 13.33925 13.42955 13.43792 

TEST NUMBER 1 CROSSFOLD NUMBER -------------------- 2 
21 15 17 2 6 5 16 3 22 12 20 1 19 18 8 4 7 9 10 13 11 14 
age.3 HNR DFA test_time Jitter.PPQ5 Jitter.RAP RPDE Jitter... DFA.1 Shimmer.APQ11 age.2 age age.1 PPE Shimmer Jitter.Abs. Jitter.DDP Shimmer.dB. Shimmer.APQ3 Shimmer.DDA Shimmer.APQ5 NHR 
57.86192 28.54467 26.39478 26.02899 25.40326 24.68842 24.30317 24.07164 23.92013 23.06814 22.854 14.75732 12.34298 12.22332 12.03359 12.03562 12.00313 12.02362 12.04399 12.06393 12.08457 12.03985 
27.90595 25.61787 23.17065 21.61233 20.30863 19.5067 19.26839 18.94445 18.84893 18.64651 18.39636 11.00731 10.33114 10.23915 10.16565 10.15736 10.15402 10.1507 10.15107 10.15263 10.26711 10.58262 

TEST NUMBER 1 CROSSFOLD NUMBER -------------------- 3 
20 15 4 17 16 7 3 6 11 8 9 18 12 22 10 13 1 19 21 2 14 5 
age.2 HNR Jitter.Abs. DFA RPDE Jitter.DDP Jitter... Jitter.PPQ5 Shimmer.APQ5 Shimmer Shimmer.dB. PPE Shimmer.APQ11 DFA.1 Shimmer.APQ3 Shimmer.DDA age age.1 age.3 test_time NHR Jitter.RAP 
56.00559 27.9312 25.56099 24.84422 24.41298 23.90844 23.94017 23.59121 23.37943 23.21083 23.24731 23.21717 23.25711 23.28734 22.84139 22.8426 22.86459 14.48955 12.76538 12.60952 11.76733 11.77917 
31.41313 28.51087 25.63209 24.66411 23.83088 23.53691 22.2875 21.95475 21.69637 21.56301 21.49532 21.38933 21.38247 21.53497 21.76508 21.96265 22.17363 15.73399 12.96679 12.82403 12.8209 12.96022 

TEST NUMBER 1 CROSSFOLD NUMBER -------------------- 4 
20 16 14 15 17 7 2 21 1 19 22 12 5 3 6 4 13 11 10 8 9 18 
age.2 RPDE NHR HNR DFA Jitter.DDP test_time age.3 age age.1 DFA.1 Shimmer.APQ11 Jitter.RAP Jitter... Jitter.PPQ5 Jitter.Abs. Shimmer.DDA Shimmer.APQ5 Shimmer.APQ3 Shimmer Shimmer.dB. PPE 
57.25906 28.10058 25.96863 25.41369 23.44695 23.31181 22.59778 21.87427 21.58272 14.05133 12.1453 11.99553 12.0157 12.0358 12.02959 12.05031 11.99753 11.99726 11.95543 11.97554 11.99405 11.99948 
27.0604 25.25005 24.46038 23.18721 22.85627 20.3544 19.92399 19.5917 13.80629 11.36183 10.44655 10.44521 10.44731 10.45053 10.45942 10.54286 10.62037 10.62418 10.63337 10.65103 10.76251 10.98633 

TEST NUMBER 1 CROSSFOLD NUMBER -------------------- 5 
20 17 15 2 14 3 21 1 19 22 4 6 9 12 10 8 13 5 7 18 16 11 
age.2 DFA HNR test_time NHR Jitter... age.3 age age.1 DFA.1 Jitter.Abs. Jitter.PPQ5 Shimmer.dB. Shimmer.APQ11 Shimmer.APQ3 Shimmer Shimmer.DDA Jitter.RAP Jitter.DDP PPE RPDE Shimmer.APQ5 
57.6084 27.9407 27.32587 25.18223 24.51683 22.84864 22.32445 22.27806 14.34307 12.30809 12.15544 12.04237 12.05658 12.07332 12.09201 12.10752 12.12661 12.14692 12.15223 12.17306 11.88622 11.82867 
31.64166 29.22845 26.15415 25.13431 24.29371 23.35554 22.95658 13.49539 12.78325 12.23379 12.21424 12.21438 12.23149 12.18782 12.17981 12.14419 12.14984 12.15622 12.1535 12.19281 12.32376 12.51573 

TEST NUMBER 1 CROSSFOLD NUMBER -------------------- 6 
21 15 14 17 7 20 1 19 22 4 2 18 3 12 16 5 9 8 11 13 10 6 
age.3 HNR NHR DFA Jitter.DDP age.2 age age.1 DFA.1 Jitter.Abs. test_time PPE Jitter... Shimmer.APQ11 RPDE Jitter.RAP Shimmer.dB. Shimmer Shimmer.APQ5 Shimmer.DDA Shimmer.APQ3 Jitter.PPQ5 
57.3961 28.02929 25.72742 24.13009 23.8361 23.24779 22.64323 15.10498 13.23451 13.01693 12.90954 12.04417 11.75981 11.77406 11.79248 11.78783 11.80759 11.82754 11.8467 11.80964 11.82989 11.83635 
30.80022 29.596 28.14933 27.26225 25.76622 25.08512 14.40091 12.99805 12.64672 12.42543 12.28931 12.18442 12.1798 12.17916 12.18755 12.20349 12.23975 12.25166 12.29112 12.33218 12.33398 12.39908 

TEST NUMBER 1 CROSSFOLD NUMBER -------------------- 7 
20 16 17 15 14 21 1 19 4 2 18 12 11 13 9 8 10 22 6 7 5 3 
age.2 RPDE DFA HNR NHR age.3 age age.1 Jitter.Abs. test_time PPE Shimmer.APQ11 Shimmer.APQ5 Shimmer.DDA Shimmer.dB. Shimmer Shimmer.APQ3 DFA.1 Jitter.PPQ5 Jitter.DDP Jitter.RAP Jitter... 
57.09389 27.75799 25.85113 25.39603 24.73104 23.22999 23.0063 15.05995 12.834 12.70452 11.98411 11.92374 11.94293 11.94903 11.95502 11.97549 11.96796 11.98858 11.76531 11.78552 11.80423 11.8044 
31.85657 28.50099 26.56067 25.5581 22.91974 21.94527 16.68167 12.84112 12.1737 11.53655 11.22923 11.1505 11.04522 11.08124 11.0587 11.05178 11.05189 11.33799 13.72827 17.58814 17.65739 22.37067 

TEST NUMBER 1 CROSSFOLD NUMBER -------------------- 8 
20 15 17 2 14 3 21 1 19 18 4 13 8 11 9 12 10 6 7 5 22 16 
age.2 HNR DFA test_time NHR Jitter... age.3 age age.1 PPE Jitter.Abs. Shimmer.DDA Shimmer Shimmer.APQ5 Shimmer.dB. Shimmer.APQ11 Shimmer.APQ3 Jitter.PPQ5 Jitter.DDP Jitter.RAP DFA.1 RPDE 
57.87846 28.33218 26.07782 25.68416 25.08822 23.35844 22.82002 22.75865 14.43461 12.37691 12.25931 12.16669 12.18501 12.18871 12.18262 12.19868 12.19943 12.2166 12.21384 12.19364 12.21414 11.90888 
27.00283 23.55543 21.58888 20.20852 19.72664 18.89593 18.56913 12.1919 11.52321 11.16288 10.94636 11.01855 11.0051 10.92513 10.87246 10.87589 10.91171 11.04275 11.17708 11.17735 11.30423 11.77756 

TEST NUMBER 1 CROSSFOLD NUMBER -------------------- 9 
20 17 2 15 14 7 21 1 19 16 18 4 6 5 3 11 12 22 10 13 8 9 
age.2 DFA test_time HNR NHR Jitter.DDP age.3 age age.1 RPDE PPE Jitter.Abs. Jitter.PPQ5 Jitter.RAP Jitter... Shimmer.APQ5 Shimmer.APQ11 DFA.1 Shimmer.APQ3 Shimmer.DDA Shimmer Shimmer.dB. 
57.4814 28.36458 27.72583 27.06394 24.69337 23.02396 22.30329 22.22552 14.1719 12.316 11.98882 11.87404 11.82571 11.84584 11.86548 11.86616 11.88543 11.84268 11.85211 11.86967 11.8871 11.90599 
27.24266 25.44348 24.38804 23.63764 22.53838 21.42654 21.22649 13.91572 12.38187 12.00388 11.71722 11.62848 11.58926 11.59923 11.61515 11.64884 11.63978 11.65328 11.66632 11.71498 11.79031 11.81842 

TEST NUMBER 1 CROSSFOLD NUMBER -------------------- 10 
20 15 14 2 16 7 4 3 6 1 19 21 18 13 10 22 17 9 11 12 5 8 
age.2 HNR NHR test_time RPDE Jitter.DDP Jitter.Abs. Jitter... Jitter.PPQ5 age age.1 age.3 PPE Shimmer.DDA Shimmer.APQ3 DFA.1 DFA Shimmer.dB. Shimmer.APQ5 Shimmer.APQ11 Jitter.RAP Shimmer 
57.12641 28.55969 25.95474 24.33064 23.72882 23.2492 22.1166 22.14592 22.10746 22.14135 22.0319 13.80616 12.28747 12.09831 12.11341 12.13389 11.90053 11.88511 11.90302 11.88801 11.90291 11.91883 
23.4935 22.09498 20.32066 19.4058 19.09866 18.87568 18.0148 17.7764 17.65336 17.65713 14.46136 12.26311 12.17065 12.12639 12.1273 12.14202 11.62068 11.65334 11.63764 11.65778 11.7301 11.80197 

TEST NUMBER 2 CROSSFOLD NUMBER -------------------- 1 
20 16 17 14 7 2 21 1 19 15 12 8 6 13 5 10 4 11 3 9 18 22 
age.2 RPDE DFA NHR Jitter.DDP test_time age.3 age age.1 HNR Shimmer.APQ11 Shimmer Jitter.PPQ5 Shimmer.DDA Jitter.RAP Shimmer.APQ3 Jitter.Abs. Shimmer.APQ5 Jitter... Shimmer.dB. PPE DFA.1 
56.32966 27.3627 25.25601 24.82212 24.30241 23.161 22.5791 22.41082 13.73882 11.92581 11.84902 11.86942 11.8674 11.88774 11.90819 11.9281 11.94841 11.86755 11.80913 11.81842 11.83866 11.761 
35.92523 34.39783 31.87749 30.62856 27.76499 26.62954 25.8237 15.44452 13.27312 12.96838 12.95543 12.82074 12.81393 12.81297 12.81348 12.81723 12.83818 12.80557 12.80382 12.80518 12.86775 12.92536 

TEST NUMBER 2 CROSSFOLD NUMBER -------------------- 2 
21 15 2 6 7 17 16 22 18 3 5 20 1 19 14 12 11 13 4 8 10 9 
age.3 HNR test_time Jitter.PPQ5 Jitter.DDP DFA RPDE DFA.1 PPE Jitter... Jitter.RAP age.2 age age.1 NHR Shimmer.APQ11 Shimmer.APQ5 Shimmer.DDA Jitter.Abs. Shimmer Shimmer.APQ3 Shimmer.dB. 
57.71769 28.36875 26.41073 25.90155 25.14923 24.64364 24.17114 23.96746 23.12946 23.02436 22.92296 22.95953 14.85598 12.15042 12.01007 12.02785 12.03185 12.01516 12.03568 11.99189 12.01249 12.02935 
27.60527 23.76907 22.53067 21.97695 21.39959 20.90241 20.41591 20.1464 19.99103 19.95682 19.93403 19.98231 12.50181 10.84747 10.78648 10.77766 10.61795 10.59509 10.5862 10.58781 10.59252 10.61701 

TEST NUMBER 2 CROSSFOLD NUMBER -------------------- 3 
20 15 4 17 22 11 2 16 21 1 19 18 6 9 3 7 12 5 14 8 10 13 
age.2 HNR Jitter.Abs. DFA DFA.1 Shimmer.APQ5 test_time RPDE age.3 age age.1 PPE Jitter.PPQ5 Shimmer.dB. Jitter... Jitter.DDP Shimmer.APQ11 Jitter.RAP NHR Shimmer Shimmer.APQ3 Shimmer.DDA 
56.20112 28.22685 25.62727 24.80523 24.53327 24.50494 24.08249 23.37687 22.87163 14.18664 12.14136 12.10957 11.91066 11.85044 11.8683 11.88712 11.88224 11.85058 11.87095 11.87016 11.88967 11.90796 
27.02557 26.27955 25.31019 24.84672 23.63054 23.01307 22.58192 22.26991 21.75145 14.43258 11.77202 11.61476 11.59464 11.59098 11.59814 11.59768 11.59597 11.59647 11.6227 11.71013 11.75907 11.79715 

TEST NUMBER 2 CROSSFOLD NUMBER -------------------- 4 
20 15 17 22 4 16 2 7 3 21 1 19 18 14 6 5 12 11 8 9 10 13 
age.2 HNR DFA DFA.1 Jitter.Abs. RPDE test_time Jitter.DDP Jitter... age.3 age age.1 PPE NHR Jitter.PPQ5 Jitter.RAP Shimmer.APQ11 Shimmer.APQ5 Shimmer Shimmer.dB. Shimmer.APQ3 Shimmer.DDA 
56.80369 28.1295 25.83918 25.53519 25.48785 24.68318 23.99868 23.34287 23.37297 22.92845 14.70188 11.96405 11.88136 11.65558 11.67269 11.69271 11.71283 11.72972 11.70886 11.72521 11.74081 11.76103 
29.06166 25.44345 23.65435 22.7912 22.08974 21.68822 21.32354 21.06782 19.90948 19.67162 14.69793 13.65694 13.40142 13.21274 13.2039 13.20212 13.21772 12.9766 12.94593 12.99036 13.07576 13.07576 

TEST NUMBER 2 CROSSFOLD NUMBER -------------------- 5 
21 15 4 16 7 14 17 2 22 12 20 1 19 11 10 6 3 13 5 8 9 18 
age.3 HNR Jitter.Abs. RPDE Jitter.DDP NHR DFA test_time DFA.1 Shimmer.APQ11 age.2 age age.1 Shimmer.APQ5 Shimmer.APQ3 Jitter.PPQ5 Jitter... Shimmer.DDA Jitter.RAP Shimmer Shimmer.dB. PPE 
57.41849 28.58485 26.31639 25.6385 25.19264 25.15366 23.41898 23.41034 22.61843 21.68337 21.59604 13.9171 12.00202 11.88545 11.87214 11.8868 11.90728 11.88932 11.90898 11.92909 11.94782 11.9684 
26.03183 24.62024 21.55425 21.12477 20.71791 20.15401 19.51111 19.19044 18.95588 18.67823 18.36777 11.77633 11.10361 11.02463 11.00133 10.96236 10.9273 10.93549 10.95913 11.03622 11.06575 11.17953 

TEST NUMBER 2 CROSSFOLD NUMBER -------------------- 6 
21 15 17 16 14 5 20 1 19 22 2 4 18 11 12 13 9 8 10 3 7 6 
age.3 HNR DFA RPDE NHR Jitter.RAP age.2 age age.1 DFA.1 test_time Jitter.Abs. PPE Shimmer.APQ5 Shimmer.APQ11 Shimmer.DDA Shimmer.dB. Shimmer Shimmer.APQ3 Jitter... Jitter.DDP Jitter.PPQ5 
57.2614 28.15123 26.15963 25.81275 25.59438 23.8856 23.14376 22.13244 14.66973 12.74797 12.59851 11.82731 11.79418 11.81385 11.83283 11.81026 11.8302 11.84809 11.8684 11.88529 11.86908 11.87547 
30.16417 26.90845 25.32801 24.56439 23.57521 21.79904 20.90198 15.6521 13.21044 12.74687 12.38296 12.08143 11.98774 11.98376 11.93165 11.9051 11.89377 11.89057 11.8994 11.91605 11.97008 12.02639 

TEST NUMBER 2 CROSSFOLD NUMBER -------------------- 7 
19 15 17 14 5 16 2 12 10 6 21 1 20 18 22 4 9 8 7 13 3 11 
age.1 HNR DFA NHR Jitter.RAP RPDE test_time Shimmer.APQ11 Shimmer.APQ3 Jitter.PPQ5 age.3 age age.2 PPE DFA.1 Jitter.Abs. Shimmer.dB. Shimmer Jitter.DDP Shimmer.DDA Jitter... Shimmer.APQ5 
57.62625 28.775 25.99442 25.59758 23.91431 23.28487 22.3847 21.75948 21.64564 21.6594 21.69585 21.73321 13.63985 12.0436 11.94962 11.96799 11.91649 11.9335 11.95352 11.97321 11.94355 11.91178 
28.96184 24.66864 23.39375 22.27259 20.80823 19.81949 18.88779 18.79745 18.65609 18.62189 18.61922 13.44341 11.86882 11.50577 11.41346 11.38094 11.37538 11.37889 11.38673 11.41782 11.48196 11.63892 

TEST NUMBER 2 CROSSFOLD NUMBER -------------------- 8 
20 15 17 14 5 2 21 1 19 18 12 3 9 6 7 11 8 10 13 4 22 16 
age.2 HNR DFA NHR Jitter.RAP test_time age.3 age age.1 PPE Shimmer.APQ11 Jitter... Shimmer.dB. Jitter.PPQ5 Jitter.DDP Shimmer.APQ5 Shimmer Shimmer.APQ3 Shimmer.DDA Jitter.Abs. DFA.1 RPDE 
56.52152 28.381 25.91638 25.57098 23.95876 23.35461 22.53322 22.46203 14.40955 12.42039 12.27883 12.29994 12.31499 12.31157 12.33279 12.35388 12.27867 12.29977 12.31986 12.33929 12.24599 11.97788 
27.03617 24.7638 22.9421 21.69885 20.13295 19.42211 19.18295 11.90341 11.40896 10.806 10.75772 10.736 10.71787 10.71264 10.722 10.76513 10.74692 10.75258 10.76121 10.7754 11.00865 11.14574 

TEST NUMBER 2 CROSSFOLD NUMBER -------------------- 9 
21 17 2 14 15 22 12 20 1 19 4 11 18 16 9 13 10 8 6 7 5 3 
age.3 DFA test_time NHR HNR DFA.1 Shimmer.APQ11 age.2 age age.1 Jitter.Abs. Shimmer.APQ5 PPE RPDE Shimmer.dB. Shimmer.DDA Shimmer.APQ3 Shimmer Jitter.PPQ5 Jitter.DDP Jitter.RAP Jitter... 
57.59825 28.2055 27.51924 26.77544 26.78792 23.07965 22.49573 22.37564 14.37972 12.34732 12.19956 12.05839 12.02729 11.80931 11.81172 11.83172 11.85149 11.82483 11.56273 11.58122 11.60118 11.60214 
30.68311 29.05393 28.14998 27.9052 26.67587 26.44658 26.10692 25.6965 15.48729 13.06778 12.53062 12.3311 12.28941 12.32598 12.38624 12.37998 12.39538 12.78577 16.17812 19.94364 19.94503 24.75425 

TEST NUMBER 2 CROSSFOLD NUMBER -------------------- 10 
21 17 2 14 15 6 20 1 19 16 18 12 3 13 8 10 9 11 22 7 5 4 
age.3 DFA test_time NHR HNR Jitter.PPQ5 age.2 age age.1 RPDE PPE Shimmer.APQ11 Jitter... Shimmer.DDA Shimmer Shimmer.APQ3 Shimmer.dB. Shimmer.APQ5 DFA.1 Jitter.DDP Jitter.RAP Jitter.Abs. 
58.05536 28.54513 27.85549 27.13417 27.1419 23.54521 23.10263 22.50319 14.37933 12.50168 12.2076 12.11901 12.13989 12.15853 12.16881 12.16351 12.18448 12.20541 12.18439 12.10538 12.12618 12.03387 
27.84097 26.03648 24.97218 24.65187 21.88188 20.42582 20.2166 12.69944 11.01092 10.16526 9.856016 9.783864 9.805568 9.884495 9.879666 9.876199 9.88544 9.920628 10.01591 10.17772 10.18201 10.76796 

TEST NUMBER 3 CROSSFOLD NUMBER -------------------- 1 
20 15 17 9 21 1 19 2 22 4 14 6 7 8 11 3 18 13 10 12 5 16 
age.2 HNR DFA Shimmer.dB. age.3 age age.1 test_time DFA.1 Jitter.Abs. NHR Jitter.PPQ5 Jitter.DDP Shimmer Shimmer.APQ5 Jitter... PPE Shimmer.DDA Shimmer.APQ3 Shimmer.APQ11 Jitter.RAP RPDE 
56.64006 28.21001 25.86345 25.43231 24.52356 24.28794 15.07047 13.13378 12.30443 12.17178 12.18571 11.98547 11.97653 11.99311 12.01247 11.99179 12.00605 11.63668 11.65217 11.67224 11.63866 11.65575 
28.42335 25.2304 23.54773 22.45601 22.14866 15.37876 14.20935 13.43412 13.12771 13.01523 12.93077 12.84621 12.84577 12.85098 12.84392 12.85723 12.87077 12.88819 12.8873 12.97626 13.06497 13.97654 

TEST NUMBER 3 CROSSFOLD NUMBER -------------------- 2 
21 15 14 17 3 20 1 19 18 4 6 12 11 13 9 10 7 5 16 8 22 2 
age.3 HNR NHR DFA Jitter... age.2 age age.1 PPE Jitter.Abs. Jitter.PPQ5 Shimmer.APQ11 Shimmer.APQ5 Shimmer.DDA Shimmer.dB. Shimmer.APQ3 Jitter.DDP Jitter.RAP RPDE Shimmer DFA.1 test_time 
57.01185 28.1681 25.95056 24.52257 24.24836 23.74861 23.09515 15.21711 13.18556 13.05825 12.93862 12.95611 12.97313 12.95918 12.97965 13.0019 13.02403 13.03845 13.05988 12.68912 12.70868 11.84929 
29.05619 27.41528 24.99825 23.76826 23.17816 22.97815 14.02755 13.06388 12.33379 12.16683 12.12177 12.11137 12.00607 11.97892 11.97505 11.97982 12.00657 12.01678 12.05434 12.07095 12.15941 12.27146 

TEST NUMBER 3 CROSSFOLD NUMBER -------------------- 3 
20 17 15 2 16 14 7 21 1 19 22 4 18 6 5 12 11 13 9 8 10 3 
age.2 DFA HNR test_time RPDE NHR Jitter.DDP age.3 age age.1 DFA.1 Jitter.Abs. PPE Jitter.PPQ5 Jitter.RAP Shimmer.APQ11 Shimmer.APQ5 Shimmer.DDA Shimmer.dB. Shimmer Shimmer.APQ3 Jitter... 
57.25338 27.91931 27.31189 25.09941 24.50408 24.20786 22.35647 21.52546 21.23572 14.00086 11.90704 11.78423 11.73517 11.75222 11.76995 11.79012 11.80656 11.79648 11.81676 11.83316 11.85354 11.82412 
32.03435 29.43351 26.70662 25.28579 24.77291 24.28694 22.79961 22.44586 13.55129 12.85769 12.55598 12.45336 12.40631 12.40314 12.40278 12.41511 12.32195 12.28576 12.27982 12.28074 12.28224 12.38071 

TEST NUMBER 3 CROSSFOLD NUMBER -------------------- 4 
21 16 17 2 14 15 20 1 19 12 18 9 13 10 11 4 8 22 6 5 7 3 
age.3 RPDE DFA test_time NHR HNR age.2 age age.1 Shimmer.APQ11 PPE Shimmer.dB. Shimmer.DDA Shimmer.APQ3 Shimmer.APQ5 Jitter.Abs. Shimmer DFA.1 Jitter.PPQ5 Jitter.RAP Jitter.DDP Jitter... 
57.94521 28.35598 26.72136 26.25098 25.6412 25.17142 23.2983 22.36259 14.49001 12.10693 12.12768 12.01284 12.02756 12.04828 12.06777 12.04837 11.89178 11.87667 11.73239 11.74892 11.76434 11.75662 
29.26572 27.03521 24.61393 23.83712 23.229 21.65505 21.52509 13.82324 11.88468 11.69452 11.66776 11.65313 11.64388 11.65962 11.7327 11.92302 11.94275 12.39489 14.29023 16.46439 16.54344 21.66931 

TEST NUMBER 3 CROSSFOLD NUMBER -------------------- 5 
20 15 17 16 14 21 1 19 22 2 6 11 12 10 9 13 3 5 8 7 4 18 
age.2 HNR DFA RPDE NHR age.3 age age.1 DFA.1 test_time Jitter.PPQ5 Shimmer.APQ5 Shimmer.APQ11 Shimmer.APQ3 Shimmer.dB. Shimmer.DDA Jitter... Jitter.RAP Shimmer Jitter.DDP Jitter.Abs. PPE 
57.51353 28.18705 26.06671 25.68842 25.37554 23.59913 23.35417 15.41768 13.08639 12.92833 12.19253 12.09044 12.11127 12.11064 12.12636 12.13308 12.15266 12.17314 12.08735 12.10645 12.12641 12.08579 
28.19666 23.7164 21.70453 20.57513 19.69625 18.92157 13.99524 11.24376 10.66808 10.03987 9.872382 9.817619 9.704368 9.648644 9.660731 9.67766 9.713133 9.746144 9.744965 9.746581 9.75693 10.15206 

TEST NUMBER 3 CROSSFOLD NUMBER -------------------- 6 
20 16 4 15 2 5 6 14 21 1 19 18 3 22 17 11 12 7 8 9 10 13 
age.2 RPDE Jitter.Abs. HNR test_time Jitter.RAP Jitter.PPQ5 NHR age.3 age age.1 PPE Jitter... DFA.1 DFA Shimmer.APQ5 Shimmer.APQ11 Jitter.DDP Shimmer Shimmer.dB. Shimmer.APQ3 Shimmer.DDA 
56.38822 27.7236 25.83957 25.81478 24.34582 23.8806 23.87462 23.24871 21.92115 21.65898 13.90534 12.16812 12.00203 12.01711 11.75391 11.77374 11.7863 11.75051 11.76798 11.78822 11.80852 11.82872 
31.84399 27.87303 26.30393 23.51667 22.50269 21.74102 20.85989 20.63416 20.41362 15.31613 13.35598 12.98683 12.95335 12.95169 12.56883 12.55594 12.37739 12.41655 12.47186 12.46976 12.52123 12.52236 

TEST NUMBER 3 CROSSFOLD NUMBER -------------------- 7 
20 15 14 17 7 16 2 21 1 19 18 22 4 3 12 6 5 9 11 10 8 13 
age.2 HNR NHR DFA Jitter.DDP RPDE test_time age.3 age age.1 PPE DFA.1 Jitter.Abs. Jitter... Shimmer.APQ11 Jitter.PPQ5 Jitter.RAP Shimmer.dB. Shimmer.APQ5 Shimmer.APQ3 Shimmer Shimmer.DDA 
57.42726 28.27015 25.86909 24.28123 24.04721 23.39683 22.74488 22.00485 21.69663 14.07773 12.15144 12.06359 12.0818 12.0363 12.04351 12.03179 12.04882 12.06903 12.0896 12.06209 12.08168 12.10241 
27.30454 24.94065 23.31962 20.92171 19.76876 18.89195 18.58431 18.40222 13.06549 10.91358 10.33733 10.03366 9.923586 9.918328 9.916801 9.923954 9.94097 10.00523 10.06604 10.02195 10.029 10.05085 

TEST NUMBER 3 CROSSFOLD NUMBER -------------------- 8 
20 2 15 12 21 1 19 16 18 4 22 17 13 10 5 6 3 7 8 9 14 11 
age.2 test_time HNR Shimmer.APQ11 age.3 age age.1 RPDE PPE Jitter.Abs. DFA.1 DFA Shimmer.DDA Shimmer.APQ3 Jitter.RAP Jitter.PPQ5 Jitter... Jitter.DDP Shimmer Shimmer.dB. NHR Shimmer.APQ5 
56.39342 27.85949 27.35821 24.73503 24.41446 24.34112 14.94547 12.82935 12.54606 12.36778 12.3845 11.91997 11.64206 11.65844 11.67782 11.64314 11.66164 11.65922 11.67929 11.69776 11.71183 11.64012 
30.05731 29.19386 28.19379 27.8433 27.32261 20.55147 15.092 14.11948 14.05171 14.04049 14.03388 13.49979 13.51742 13.52615 13.66909 13.64407 13.62084 13.61826 13.65163 13.79644 13.93035 14.23077 

TEST NUMBER 3 CROSSFOLD NUMBER -------------------- 9 
20 15 17 14 5 2 16 21 1 19 22 18 4 3 6 11 12 8 9 10 13 7 
age.2 HNR DFA NHR Jitter.RAP test_time RPDE age.3 age age.1 DFA.1 PPE Jitter.Abs. Jitter... Jitter.PPQ5 Shimmer.APQ5 Shimmer.APQ11 Shimmer Shimmer.dB. Shimmer.APQ3 Shimmer.DDA Jitter.DDP 
57.36067 27.79553 25.44067 25.06716 23.40466 22.72238 21.94259 21.38234 21.11966 13.88436 12.04982 11.94431 11.96473 11.91627 11.92707 11.94542 11.95965 11.91741 11.93795 11.9584 11.97881 11.9964 
31.77435 29.10919 27.22361 26.56732 25.72804 24.75171 24.06682 23.46766 14.95329 11.98412 11.3024 11.06471 10.98798 10.95848 10.93183 10.92217 10.84032 10.85276 10.84496 10.85762 10.86007 10.90387 

TEST NUMBER 3 CROSSFOLD NUMBER -------------------- 10 
21 17 22 2 14 7 3 5 11 20 1 19 4 15 16 12 13 10 6 9 18 8 
age.3 DFA DFA.1 test_time NHR Jitter.DDP Jitter... Jitter.RAP Shimmer.APQ5 age.2 age age.1 Jitter.Abs. HNR RPDE Shimmer.APQ11 Shimmer.DDA Shimmer.APQ3 Jitter.PPQ5 Shimmer.dB. PPE Shimmer 
57.58359 29.10349 28.54508 28.32399 27.56271 27.58596 26.34499 26.38557 26.42944 25.89933 14.52009 12.5124 12.40773 12.37273 12.31338 12.05214 12.00569 12.02185 12.04254 12.05537 12.07574 12.08941 
22.3204 21.06333 20.35623 20.04927 19.71363 17.62685 17.5789 17.54312 17.54356 17.55202 11.08825 10.6928 10.51649 10.40392 10.14503 10.12048 10.09672 10.09939 10.1067 10.1098 10.11583 10.21226 

TEST NUMBER 4 CROSSFOLD NUMBER -------------------- 1 
20 15 4 16 2 17 14 5 21 1 19 22 18 3 12 11 13 7 9 8 10 6 
age.2 HNR Jitter.Abs. RPDE test_time DFA NHR Jitter.RAP age.3 age age.1 DFA.1 PPE Jitter... Shimmer.APQ11 Shimmer.APQ5 Shimmer.DDA Jitter.DDP Shimmer.dB. Shimmer Shimmer.APQ3 Jitter.PPQ5 
56.68863 27.97776 25.53494 24.72697 24.18728 23.67736 23.2018 22.42251 21.60053 21.37844 14.07529 12.15804 12.08541 12.10475 12.11768 12.12291 12.10967 12.12958 12.15018 12.17031 12.18804 12.18614 
30.28498 27.44269 25.75108 25.04603 24.47657 24.09414 23.5128 22.32318 21.56656 11.55566 10.2315 9.589428 9.354804 9.305328 9.298203 9.163269 9.133128 9.132105 9.132482 9.135637 9.15896 9.322156 

TEST NUMBER 4 CROSSFOLD NUMBER -------------------- 2 
21 16 14 13 5 4 2 6 20 1 19 15 18 12 22 17 10 7 3 9 8 11 
age.3 RPDE NHR Shimmer.DDA Jitter.RAP Jitter.Abs. test_time Jitter.PPQ5 age.2 age age.1 HNR PPE Shimmer.APQ11 DFA.1 DFA Shimmer.APQ3 Jitter.DDP Jitter... Shimmer.dB. Shimmer Shimmer.APQ5 
58.017 28.47489 26.90761 26.30699 25.67969 24.23405 24.26168 23.5443 23.58342 22.8598 13.79514 12.36576 12.27055 12.074 12.08163 11.87698 11.84442 11.86482 11.88513 11.85694 11.87249 11.89276 
25.17592 22.04614 21.64507 20.25125 20.15782 19.5727 19.46067 19.31833 19.29618 14.90075 12.83637 12.57384 12.39974 12.29606 12.29274 11.74949 11.75021 11.75406 11.79865 11.86329 11.89283 11.9509 

TEST NUMBER 4 CROSSFOLD NUMBER -------------------- 3 
20 15 17 14 6 2 11 22 8 9 1 19 21 18 12 16 3 10 13 4 7 5 
age.2 HNR DFA NHR Jitter.PPQ5 test_time Shimmer.APQ5 DFA.1 Shimmer Shimmer.dB. age age.1 age.3 PPE Shimmer.APQ11 RPDE Jitter... Shimmer.APQ3 Shimmer.DDA Jitter.Abs. Jitter.DDP Jitter.RAP 
56.99364 28.40535 26.33228 25.97069 24.33569 23.83251 23.06477 23.02168 22.83072 22.8611 22.85477 13.99576 12.4534 12.36841 12.0725 12.07549 12.05898 12.07936 12.09982 12.01489 11.96281 11.98342 
27.70704 22.53562 19.33241 18.19581 17.39589 16.58156 16.42502 16.27705 16.19196 16.0098 16.01293 12.77592 11.19556 10.8749 10.74329 10.72299 10.74801 10.78759 10.78868 10.95087 11.10842 11.10799 

TEST NUMBER 4 CROSSFOLD NUMBER -------------------- 4 
20 16 4 2 15 22 9 13 21 1 19 14 18 11 12 8 10 17 6 7 5 3 
age.2 RPDE Jitter.Abs. test_time HNR DFA.1 Shimmer.dB. Shimmer.DDA age.3 age age.1 NHR PPE Shimmer.APQ5 Shimmer.APQ11 Shimmer Shimmer.APQ3 DFA Jitter.PPQ5 Jitter.DDP Jitter.RAP Jitter... 
57.37021 28.38287 26.25101 26.23252 25.90902 24.19853 24.07992 23.91849 23.72612 15.52346 12.87785 12.69929 12.38508 12.00835 12.02345 12.00921 11.99701 12.01422 11.81219 11.8325 11.85043 11.81996 
26.36219 24.65931 22.8832 21.60594 20.29002 19.6649 18.97519 18.2554 17.81908 12.16724 11.87148 11.16808 10.80244 10.79477 10.73075 10.8008 10.87953 11.14236 13.68342 17.36191 17.44371 26.61746 

TEST NUMBER 4 CROSSFOLD NUMBER -------------------- 5 
21 15 17 14 5 2 3 22 4 8 10 16 6 18 11 7 13 12 9 1 19 20 
age.3 HNR DFA NHR Jitter.RAP test_time Jitter... DFA.1 Jitter.Abs. Shimmer Shimmer.APQ3 RPDE Jitter.PPQ5 PPE Shimmer.APQ5 Jitter.DDP Shimmer.DDA Shimmer.APQ11 Shimmer.dB. age age.1 age.2 
57.62353 28.46489 26.31143 25.95646 24.40262 23.83188 22.93102 22.92476 22.27115 22.30766 22.21924 22.24783 21.30405 21.32691 21.36347 21.33055 21.35994 21.39168 21.40542 21.38251 13.45889 11.79901 
27.05639 24.82472 23.97187 22.72351 20.86135 20.54205 20.47317 20.38593 20.36198 20.34966 20.25225 20.18485 20.1427 20.18062 20.22417 20.2649 20.40741 20.57815 20.81055 21.61125 13.48648 12.78553 

TEST NUMBER 4 CROSSFOLD NUMBER -------------------- 6 
21 17 15 14 3 22 12 11 8 9 2 4 18 10 13 20 1 19 16 6 5 7 
age.3 DFA HNR NHR Jitter... DFA.1 Shimmer.APQ11 Shimmer.APQ5 Shimmer Shimmer.dB. test_time Jitter.Abs. PPE Shimmer.APQ3 Shimmer.DDA age.2 age age.1 RPDE Jitter.PPQ5 Jitter.RAP Jitter.DDP 
56.57123 27.9262 27.3981 25.30475 23.92717 23.4098 22.69207 22.48975 22.51359 22.5249 22.49776 21.69903 21.6896 21.71656 21.75356 21.79096 13.36782 11.70267 11.49372 11.40243 11.4082 11.42573 
33.30678 31.48783 30.34795 27.17101 26.55421 26.38685 26.20695 26.01586 26.004 25.89906 25.87977 25.86964 25.88356 26.10073 26.10668 26.24714 17.15144 15.69802 15.57395 15.95768 16.15812 16.19134 

TEST NUMBER 4 CROSSFOLD NUMBER -------------------- 7 
20 16 22 2 15 14 7 21 1 19 18 4 17 3 6 11 12 5 9 13 10 8 
age.2 RPDE DFA.1 test_time HNR NHR Jitter.DDP age.3 age age.1 PPE Jitter.Abs. DFA Jitter... Jitter.PPQ5 Shimmer.APQ5 Shimmer.APQ11 Jitter.RAP Shimmer.dB. Shimmer.DDA Shimmer.APQ3 Shimmer 
56.91314 27.75863 25.73486 25.6087 25.30733 24.49442 22.51766 21.49675 14.43599 12.47484 12.24101 11.95289 11.91221 11.93075 11.94352 11.96209 11.97516 11.93928 11.95982 11.97792 11.99837 12.01502 
31.98207 29.33719 27.59259 26.40331 25.60384 24.14414 21.71384 20.9041 13.16507 11.45618 11.12182 10.97434 10.86304 10.82496 10.79771 10.79569 10.62575 10.62605 10.63576 10.74594 10.75118 10.80376 

TEST NUMBER 4 CROSSFOLD NUMBER -------------------- 8 
20 15 17 16 18 21 1 19 2 22 9 12 5 14 3 6 7 4 8 10 11 13 
age.2 HNR DFA RPDE PPE age.3 age age.1 test_time DFA.1 Shimmer.dB. Shimmer.APQ11 Jitter.RAP NHR Jitter... Jitter.PPQ5 Jitter.DDP Jitter.Abs. Shimmer Shimmer.APQ3 Shimmer.APQ5 Shimmer.DDA 
56.59971 27.95063 25.4033 25.046 24.6808 24.32122 24.06482 15.21641 12.6969 11.98224 11.93829 11.95836 11.97547 11.84053 11.85492 11.83648 11.85683 11.87547 11.82848 11.84886 11.86505 11.82063 
29.59959 28.54035 27.57147 26.91349 26.3527 25.65302 18.19749 13.40626 12.66842 12.56412 12.54512 12.47116 12.43163 12.27238 12.23758 12.23468 12.24868 12.34569 12.42247 12.46779 12.47827 12.57114 

TEST NUMBER 4 CROSSFOLD NUMBER -------------------- 9 
20 15 17 14 2 7 21 1 19 18 5 16 9 10 8 11 13 6 4 3 12 22 
age.2 HNR DFA NHR test_time Jitter.DDP age.3 age age.1 PPE Jitter.RAP RPDE Shimmer.dB. Shimmer.APQ3 Shimmer Shimmer.APQ5 Shimmer.DDA Jitter.PPQ5 Jitter.Abs. Jitter... Shimmer.APQ11 DFA.1 
57.34142 28.04009 25.68174 25.23712 23.71088 23.02156 22.29291 22.25117 14.31412 12.48372 12.30568 12.32625 12.01271 12.03285 12.05357 12.0743 12.09364 12.11298 12.13096 12.04093 12.02066 11.98809 
30.8673 27.84926 25.08243 23.18062 21.97895 21.21245 20.73628 12.08196 10.66554 10.43155 10.43828 10.43849 10.44887 10.45803 10.46074 10.45613 10.50276 10.58544 10.73646 10.85872 10.98259 11.06825 

TEST NUMBER 4 CROSSFOLD NUMBER -------------------- 10 
21 17 22 16 2 14 6 20 1 19 15 18 4 11 12 10 3 13 8 9 5 7 
age.3 DFA DFA.1 RPDE test_time NHR Jitter.PPQ5 age.2 age age.1 HNR PPE Jitter.Abs. Shimmer.APQ5 Shimmer.APQ11 Shimmer.APQ3 Jitter... Shimmer.DDA Shimmer Shimmer.dB. Jitter.RAP Jitter.DDP 
57.37391 28.46085 27.91466 27.70083 25.41072 24.90078 24.33201 23.17804 13.90161 11.97743 11.99033 11.80321 11.82335 11.748 11.7601 11.74458 11.76475 11.78455 11.79852 11.81887 11.79442 11.81339 
27.83568 26.6841 25.87156 25.3646 24.65759 23.96322 22.36735 21.52517 15.43173 13.23201 12.93364 12.65275 12.49849 12.49365 12.42964 12.41894 12.39914 12.39958 12.40751 12.41813 12.46538 12.48302 

TEST NUMBER 5 CROSSFOLD NUMBER -------------------- 1 
20 2 1 19 21 22 17 15 18 4 14 3 12 8 9 6 11 13 10 16 5 7 
age.2 test_time age age.1 age.3 DFA.1 DFA HNR PPE Jitter.Abs. NHR Jitter... Shimmer.APQ11 Shimmer Shimmer.dB. Jitter.PPQ5 Shimmer.APQ5 Shimmer.DDA Shimmer.APQ3 RPDE Jitter.RAP Jitter.DDP 
57.01976 27.98938 27.42229 27.32776 15.26187 13.08652 13.05122 12.4591 12.31255 12.0089 12.02769 11.85754 11.85078 11.8707 11.88565 11.90006 11.89363 11.86925 11.88821 11.90813 11.84388 11.86303 
28.84368 28.62704 28.40698 16.89429 13.33416 12.84239 12.24352 12.00737 11.82992 11.82935 11.43144 11.2971 11.29621 11.29529 11.31733 11.34805 11.38445 11.50434 11.5077 11.70556 12.22035 12.23909 

TEST NUMBER 5 CROSSFOLD NUMBER -------------------- 2 
20 15 17 14 16 5 21 1 19 22 2 4 11 12 3 9 10 6 8 7 13 18 
age.2 HNR DFA NHR RPDE Jitter.RAP age.3 age age.1 DFA.1 test_time Jitter.Abs. Shimmer.APQ5 Shimmer.APQ11 Jitter... Shimmer.dB. Shimmer.APQ3 Jitter.PPQ5 Shimmer Jitter.DDP Shimmer.DDA PPE 
56.32492 28.22934 25.98334 25.67081 24.04529 23.61379 22.78345 22.45318 15.06377 12.92035 12.74109 11.96814 11.91803 11.93796 11.93621 11.92761 11.94804 11.96259 11.97105 11.98989 12.00711 12.0261 
28.87244 25.09166 22.56105 21.25194 19.94444 18.72193 18.16238 12.09985 11.60566 11.21531 10.8799 10.79406 10.77171 10.54398 10.51742 10.50112 10.50094 10.50701 10.5205 10.54808 10.57516 10.70095 

TEST NUMBER 5 CROSSFOLD NUMBER -------------------- 3 
21 17 16 14 7 15 20 1 19 22 2 18 4 6 12 11 5 8 9 3 13 10 
age.3 DFA RPDE NHR Jitter.DDP HNR age.2 age age.1 DFA.1 test_time PPE Jitter.Abs. Jitter.PPQ5 Shimmer.APQ11 Shimmer.APQ5 Jitter.RAP Shimmer Shimmer.dB. Jitter... Shimmer.DDA Shimmer.APQ3 
57.39885 28.25421 27.69276 26.12647 25.63523 24.42991 23.09209 22.06636 14.73728 12.64764 12.51208 11.74185 11.76173 11.71306 11.73132 11.74923 11.72581 11.74599 11.76243 11.78258 11.76015 11.77813 
30.37453 28.51607 26.40756 25.29161 22.92748 22.15464 21.4158 15.16657 14.04896 13.53958 13.01954 12.84945 12.7812 12.77512 12.77237 12.68233 12.68223 12.68431 12.66481 12.72367 12.77461 12.81972 

TEST NUMBER 5 CROSSFOLD NUMBER -------------------- 4 
19 15 17 14 7 2 16 3 12 8 9 5 13 10 21 1 20 11 6 4 22 18 
age.1 HNR DFA NHR Jitter.DDP test_time RPDE Jitter... Shimmer.APQ11 Shimmer Shimmer.dB. Jitter.RAP Shimmer.DDA Shimmer.APQ3 age.3 age age.2 Shimmer.APQ5 Jitter.PPQ5 Jitter.Abs. DFA.1 PPE 
57.25418 28.3086 25.38693 24.95259 23.36598 22.72035 21.95136 21.20261 21.14164 21.05814 21.08412 21.09873 21.13204 21.16841 21.20368 21.24021 13.65633 12.13447 12.07012 12.08439 11.99285 11.89708 
33.33237 30.8425 28.79815 26.79108 25.62109 24.72851 23.71581 23.41169 23.25822 23.19636 23.08476 23.05891 23.05868 23.07307 23.09314 13.41093 11.32226 11.30135 11.3244 11.45184 11.74626 11.94611 

TEST NUMBER 5 CROSSFOLD NUMBER -------------------- 5 
20 17 15 2 14 5 16 21 1 19 22 18 4 6 11 12 3 7 8 9 13 10 
age.2 DFA HNR test_time NHR Jitter.RAP RPDE age.3 age age.1 DFA.1 PPE Jitter.Abs. Jitter.PPQ5 Shimmer.APQ5 Shimmer.APQ11 Jitter... Jitter.DDP Shimmer Shimmer.dB. Shimmer.DDA Shimmer.APQ3 
57.31543 28.209 27.49766 25.36342 24.69301 23.01836 22.36009 21.80608 21.54625 14.13292 12.07741 11.9628 11.98337 11.93433 11.9544 11.9659 11.95433 11.93455 11.95506 11.97539 11.99564 12.01567 
29.64718 26.87996 24.03778 23.1448 22.31708 20.78141 20.15968 19.56225 12.50171 11.48319 11.05936 10.91862 10.84826 10.83697 10.8296 10.70381 10.69596 10.69507 10.70549 10.69717 10.73698 10.75085 

TEST NUMBER 5 CROSSFOLD NUMBER -------------------- 6 
21 17 15 14 5 16 3 4 12 10 22 9 18 7 11 6 8 13 2 20 1 19 
age.3 DFA HNR NHR Jitter.RAP RPDE Jitter... Jitter.Abs. Shimmer.APQ11 Shimmer.APQ3 DFA.1 Shimmer.dB. PPE Jitter.DDP Shimmer.APQ5 Jitter.PPQ5 Shimmer Shimmer.DDA test_time age.2 age age.1 
58.19123 28.87996 28.2822 26.12015 24.55458 23.89997 23.41319 23.3984 23.42559 23.41277 23.35665 22.22948 22.26403 22.30224 22.32525 22.36128 22.35901 22.37211 22.40435 21.71017 13.71422 12.04868 
24.30327 22.93863 22.24182 21.02247 20.02876 19.24325 18.90846 18.70524 18.54753 18.3754 18.24626 18.19693 18.14624 18.14552 18.14562 18.15579 18.17445 18.28288 18.37961 18.50673 12.00336 10.62619 

TEST NUMBER 5 CROSSFOLD NUMBER -------------------- 7 
20 16 17 14 15 7 21 1 19 22 18 2 3 12 8 5 10 6 9 13 4 11 
age.2 RPDE DFA NHR HNR Jitter.DDP age.3 age age.1 DFA.1 PPE test_time Jitter... Shimmer.APQ11 Shimmer Jitter.RAP Shimmer.APQ3 Jitter.PPQ5 Shimmer.dB. Shimmer.DDA Jitter.Abs. Shimmer.APQ5 
56.8421 27.9159 25.87739 25.52132 24.95201 23.13813 22.23718 21.87372 14.61574 12.69914 12.56724 12.5852 11.78917 11.7955 11.7995 11.81695 11.837 11.85616 11.87527 11.89437 11.81767 11.75197 
30.44902 28.00542 26.20704 25.3919 23.85399 23.42311 23.12786 16.0275 13.55856 13.10036 12.84422 12.64686 12.53778 12.53243 12.4449 12.44117 12.44093 12.44034 12.4629 12.48709 12.58989 13.24704 

TEST NUMBER 5 CROSSFOLD NUMBER -------------------- 8 
21 15 6 2 7 3 14 17 20 1 19 22 18 4 12 5 8 11 10 13 9 16 
age.3 HNR Jitter.PPQ5 test_time Jitter.DDP Jitter... NHR DFA age.2 age age.1 DFA.1 PPE Jitter.Abs. Shimmer.APQ11 Jitter.RAP Shimmer Shimmer.APQ5 Shimmer.APQ3 Shimmer.DDA Shimmer.dB. RPDE 
56.62194 28.19768 26.03899 25.48193 24.97124 24.43706 24.39774 22.95029 22.81027 22.2434 14.12844 12.31831 12.16728 11.81849 11.77573 11.79585 11.81577 11.8056 11.77294 11.79041 11.81073 11.82724 
28.98151 26.05396 24.27796 23.03534 22.76087 22.63263 22.56507 22.06906 21.70168 15.164 13.32809 12.47833 12.23792 12.09123 12.09075 12.09113 12.26945 12.22984 12.23092 12.23285 12.2637 12.43683 

TEST NUMBER 5 CROSSFOLD NUMBER -------------------- 9 
20 16 14 2 15 17 22 21 1 19 4 18 12 11 10 9 13 8 6 7 5 3 
age.2 RPDE NHR test_time HNR DFA DFA.1 age.3 age age.1 Jitter.Abs. PPE Shimmer.APQ11 Shimmer.APQ5 Shimmer.APQ3 Shimmer.dB. Shimmer.DDA Shimmer Jitter.PPQ5 Jitter.DDP Jitter.RAP Jitter... 
58.18677 28.5453 26.40147 25.82609 25.43441 23.2802 22.95516 22.7064 14.62364 12.03671 11.95994 11.84023 11.86046 11.87965 11.87139 11.88942 11.90673 11.8934 11.70662 11.72553 11.74574 11.73138 
24.08563 22.47119 21.21141 20.29092 19.81705 19.19272 18.79245 18.57348 14.06898 12.81645 12.33638 12.02509 12.02064 11.94328 11.92899 11.93068 11.96541 12.24006 15.21793 17.21141 17.2114 23.67022 

TEST NUMBER 5 CROSSFOLD NUMBER -------------------- 10 
20 15 2 17 22 14 3 21 1 19 18 6 12 11 10 7 9 13 8 5 4 16 
age.2 HNR test_time DFA DFA.1 NHR Jitter... age.3 age age.1 PPE Jitter.PPQ5 Shimmer.APQ11 Shimmer.APQ5 Shimmer.APQ3 Jitter.DDP Shimmer.dB. Shimmer.DDA Shimmer Jitter.RAP Jitter.Abs. RPDE 
56.31937 27.75531 25.58534 25.15235 24.6764 24.65246 22.90774 22.37054 14.16979 12.29662 12.16877 11.86426 11.86695 11.88729 11.89251 11.90604 11.82826 11.84806 11.86818 11.88658 11.90683 11.8599 
30.82805 26.62326 24.96775 24.42517 23.51409 22.93799 22.28967 21.97448 15.37904 12.32287 12.17702 12.17041 12.17924 11.99163 11.96716 11.96344 11.96354 11.96377 11.98101 12.00385 12.11671 12.14909 

TEST NUMBER 6 CROSSFOLD NUMBER -------------------- 1 
21 15 17 14 5 2 16 20 1 19 18 4 12 11 3 8 6 9 13 10 7 22 
age.3 HNR DFA NHR Jitter.RAP test_time RPDE age.2 age age.1 PPE Jitter.Abs. Shimmer.APQ11 Shimmer.APQ5 Jitter... Shimmer Jitter.PPQ5 Shimmer.dB. Shimmer.DDA Shimmer.APQ3 Jitter.DDP DFA.1 
57.07045 28.51064 26.28746 25.85052 24.33724 23.71489 22.86541 22.44415 21.47463 14.02114 12.04469 11.95228 11.90188 11.92218 11.90406 11.89605 11.91245 11.93 11.94875 11.9677 11.98832 12.00881 
26.80848 25.74834 24.19498 22.71303 21.59076 20.71536 20.24035 20.03573 13.03891 11.37351 10.89054 10.76696 10.70701 10.66128 10.61138 10.58352 10.55991 10.55313 10.55212 10.55137 10.55412 10.79039 

TEST NUMBER 6 CROSSFOLD NUMBER -------------------- 2 
21 15 4 7 14 17 16 20 1 19 18 22 2 9 12 5 10 8 6 11 13 3 
age.3 HNR Jitter.Abs. Jitter.DDP NHR DFA RPDE age.2 age age.1 PPE DFA.1 test_time Shimmer.dB. Shimmer.APQ11 Jitter.RAP Shimmer.APQ3 Shimmer Jitter.PPQ5 Shimmer.APQ5 Shimmer.DDA Jitter... 
56.43416 28.37828 26.41437 25.59723 25.61118 24.06327 24.02268 23.48634 22.48436 14.81858 12.79537 12.70789 12.72748 11.94172 11.96157 11.971 11.99163 12.0091 12.02971 12.04774 12.02085 11.9947 
28.03298 24.1852 22.11386 21.73668 20.99504 19.53173 18.83702 18.14895 12.2477 11.59852 11.13759 10.90162 10.74846 10.74726 10.73115 10.72979 10.73911 10.74165 10.75635 10.78266 10.83595 10.91443 

TEST NUMBER 6 CROSSFOLD NUMBER -------------------- 3 
20 17 15 2 22 18 16 21 1 19 4 7 5 12 11 10 8 9 13 6 14 3 
age.2 DFA HNR test_time DFA.1 PPE RPDE age.3 age age.1 Jitter.Abs. Jitter.DDP Jitter.RAP Shimmer.APQ11 Shimmer.APQ5 Shimmer.APQ3 Shimmer Shimmer.dB. Shimmer.DDA Jitter.PPQ5 NHR Jitter... 
57.7261 27.96463 27.46356 25.25513 24.65183 24.6136 24.28201 23.71077 15.00598 12.17424 12.11437 11.96008 11.88374 11.90373 11.9231 11.91667 11.93554 11.9561 11.96671 11.98479 12.00514 11.96728 
31.70984 28.99908 25.99617 24.66277 23.70166 22.74857 22.2997 22.0821 13.16347 10.81403 10.82827 10.80629 10.8071 10.81466 10.68235 10.62893 10.64462 10.69347 10.74502 10.93307 11.0893 11.29468 

TEST NUMBER 6 CROSSFOLD NUMBER -------------------- 4 
20 15 14 22 2 16 21 1 19 18 4 17 12 11 13 9 10 8 6 5 7 3 
age.2 HNR NHR DFA.1 test_time RPDE age.3 age age.1 PPE Jitter.Abs. DFA Shimmer.APQ11 Shimmer.APQ5 Shimmer.DDA Shimmer.dB. Shimmer.APQ3 Shimmer Jitter.PPQ5 Jitter.RAP Jitter.DDP Jitter... 
56.99331 28.03291 25.63024 24.04967 23.96 23.37583 22.70427 15.26119 12.62364 12.39598 11.90999 11.79958 11.8199 11.83715 11.82126 11.84159 11.86137 11.83877 11.66993 11.68968 11.70687 11.70353 
28.94972 26.6482 23.86382 23.20795 22.52822 22.2193 21.90412 14.17567 13.21011 12.72138 12.45605 12.32373 12.32076 12.28147 12.28592 12.27401 12.27571 12.62211 14.51551 17.02589 17.06432 21.70228 

TEST NUMBER 6 CROSSFOLD NUMBER -------------------- 5 
20 15 4 16 12 13 7 14 6 2 21 1 19 18 3 11 9 5 8 17 22 10 
age.2 HNR Jitter.Abs. RPDE Shimmer.APQ11 Shimmer.DDA Jitter.DDP NHR Jitter.PPQ5 test_time age.3 age age.1 PPE Jitter... Shimmer.APQ5 Shimmer.dB. Jitter.RAP Shimmer DFA DFA.1 Shimmer.APQ3 
57.41917 28.87704 26.36187 25.64151 25.08087 24.95611 24.96424 24.93503 23.06277 23.08754 22.41324 22.13557 14.07314 12.44168 12.28907 12.30009 12.25709 12.277 12.29796 12.31894 12.07111 12.09065 
21.20738 19.51497 17.41744 16.71682 16.39173 15.72291 15.59291 15.17333 15.11195 15.03749 14.9287 12.37335 10.73544 10.37433 10.32197 10.29772 10.286 10.28263 10.28151 10.2834 10.11714 10.13916 

TEST NUMBER 6 CROSSFOLD NUMBER -------------------- 6 
20 17 22 13 9 2 1 19 21 4 14 15 18 7 3 6 11 10 5 16 8 12 
age.2 DFA DFA.1 Shimmer.DDA Shimmer.dB. test_time age age.1 age.3 Jitter.Abs. NHR HNR PPE Jitter.DDP Jitter... Jitter.PPQ5 Shimmer.APQ5 Shimmer.APQ3 Jitter.RAP RPDE Shimmer Shimmer.APQ11 
56.58834 27.37161 26.85432 26.90038 26.56928 26.16922 25.35048 14.35072 12.10125 12.05367 12.07247 11.9008 11.8613 11.60853 11.57236 11.57934 11.5956 11.60616 11.62616 11.64614 11.58715 11.60538 
35.81264 34.30878 33.0732 32.8163 32.34962 32.15617 31.94888 16.29836 14.87577 14.79204 14.66719 14.50324 14.39679 14.26938 14.25226 14.24862 14.24755 14.2471 14.2585 14.36125 14.4439 14.48937 

TEST NUMBER 6 CROSSFOLD NUMBER -------------------- 7 
20 17 2 16 14 15 21 1 19 22 18 12 9 8 11 13 10 6 3 4 7 5 
age.2 DFA test_time RPDE NHR HNR age.3 age age.1 DFA.1 PPE Shimmer.APQ11 Shimmer.dB. Shimmer Shimmer.APQ5 Shimmer.DDA Shimmer.APQ3 Jitter.PPQ5 Jitter... Jitter.Abs. Jitter.DDP Jitter.RAP 
57.98421 28.22928 27.59935 26.98777 25.09038 24.59423 22.6624 22.49223 14.61835 12.22298 12.11824 12.13838 12.1548 12.17378 12.19217 12.18622 12.20695 11.99765 12.01784 11.96301 11.91104 11.93137 
28.19536 26.6262 25.19407 24.38323 22.90472 21.61709 20.80095 14.31101 12.04629 11.03705 10.92959 10.92049 10.92554 10.91977 10.92373 10.9162 10.91628 11.09325 11.09467 11.29075 11.6218 11.62836 

TEST NUMBER 6 CROSSFOLD NUMBER -------------------- 8 
21 15 17 14 7 20 1 19 2 4 16 12 11 5 8 9 10 3 6 13 18 22 
age.3 HNR DFA NHR Jitter.DDP age.2 age age.1 test_time Jitter.Abs. RPDE Shimmer.APQ11 Shimmer.APQ5 Jitter.RAP Shimmer Shimmer.dB. Shimmer.APQ3 Jitter... Jitter.PPQ5 Shimmer.DDA PPE DFA.1 
56.83551 28.45093 26.30081 25.93974 24.3714 23.76171 23.12061 15.12772 13.13989 12.22283 12.10429 11.79247 11.81278 11.7734 11.79345 11.80166 11.82199 11.83975 11.8567 11.86352 11.88191 11.80057 
28.87429 26.26311 24.02808 22.80368 21.34024 20.96934 13.67352 13.20027 12.66639 12.51282 12.47555 12.46323 12.15265 12.15623 12.16447 12.16243 12.16564 12.19466 12.22525 12.26703 12.37689 12.62647 

TEST NUMBER 6 CROSSFOLD NUMBER -------------------- 9 
20 15 14 17 5 16 21 1 19 22 4 18 3 10 13 12 2 8 9 7 11 6 
age.2 HNR NHR DFA Jitter.RAP RPDE age.3 age age.1 DFA.1 Jitter.Abs. PPE Jitter... Shimmer.APQ3 Shimmer.DDA Shimmer.APQ11 test_time Shimmer Shimmer.dB. Jitter.DDP Shimmer.APQ5 Jitter.PPQ5 
57.04916 27.68911 25.18592 23.65741 23.39851 22.86542 22.22523 21.90886 14.53082 12.68241 12.51573 12.46768 12.48612 12.49697 12.5185 12.54 12.53214 11.68733 11.70746 11.72351 11.74157 11.73729 
32.25669 30.37414 28.13793 26.64188 24.55183 23.56624 22.87899 16.68255 13.40846 13.30234 13.11569 13.08545 13.07691 13.08306 13.08299 13.09466 13.05943 13.07364 13.08282 13.10673 13.14038 13.34505 

TEST NUMBER 6 CROSSFOLD NUMBER -------------------- 10 
20 15 4 2 16 5 6 12 21 1 19 14 18 3 10 13 22 17 7 9 8 11 
age.2 HNR Jitter.Abs. test_time RPDE Jitter.RAP Jitter.PPQ5 Shimmer.APQ11 age.3 age age.1 NHR PPE Jitter... Shimmer.APQ3 Shimmer.DDA DFA.1 DFA Jitter.DDP Shimmer.dB. Shimmer Shimmer.APQ5 
57.42656 28.08066 25.78348 25.02667 24.48915 24.04679 24.03523 23.42791 23.43675 23.29754 15.20818 12.76491 12.38471 12.20429 12.21545 12.22568 12.24672 11.99561 11.94899 11.96941 11.98773 12.00833 
28.43845 25.21571 23.20595 22.22963 21.43237 20.79221 19.80176 19.37346 19.10121 15.69854 11.88602 11.24316 10.98733 10.97926 10.97639 10.97449 10.97386 10.78447 10.78564 10.79687 10.80228 10.82952 

TEST NUMBER 7 CROSSFOLD NUMBER -------------------- 1 
21 15 4 16 17 14 7 20 1 19 18 2 22 3 6 12 11 10 9 5 13 8 
age.3 HNR Jitter.Abs. RPDE DFA NHR Jitter.DDP age.2 age age.1 PPE test_time DFA.1 Jitter... Jitter.PPQ5 Shimmer.APQ11 Shimmer.APQ5 Shimmer.APQ3 Shimmer.dB. Jitter.RAP Shimmer.DDA Shimmer 
56.83126 28.36194 26.39452 25.57113 25.2382 24.8706 24.2095 23.43848 22.44229 14.77104 12.78769 12.69527 11.91644 11.93566 11.94735 11.96611 11.97676 11.94848 11.96856 11.9891 12.00975 12.02701 
28.77778 24.91739 22.88763 21.826 20.79441 20.27774 19.12797 18.45871 12.53772 11.5783 11.17946 10.92653 10.83255 10.78903 10.75774 10.75361 10.63699 10.62463 10.62095 10.62142 10.62831 10.66558 

TEST NUMBER 7 CROSSFOLD NUMBER -------------------- 2 
20 15 14 2 16 18 21 1 19 5 12 3 4 17 22 11 8 9 10 13 7 6 
age.2 HNR NHR test_time RPDE PPE age.3 age age.1 Jitter.RAP Shimmer.APQ11 Jitter... Jitter.Abs. DFA DFA.1 Shimmer.APQ5 Shimmer Shimmer.dB. Shimmer.APQ3 Shimmer.DDA Jitter.DDP Jitter.PPQ5 
57.04808 28.24812 25.90349 24.32069 23.75503 23.26951 23.30958 23.05441 15.06882 12.50906 12.26685 12.25362 12.25682 12.21389 11.9704 11.96724 11.94464 11.96452 11.98405 12.00455 12.02379 12.02983 
25.87539 22.75253 20.81589 19.96073 19.62998 19.20633 18.87278 15.06908 12.02282 10.98532 10.92218 10.89404 10.88085 10.88137 10.64459 10.64277 10.61093 10.5972 10.59743 10.60014 10.61417 10.67422 

TEST NUMBER 7 CROSSFOLD NUMBER -------------------- 3 
20 15 17 16 11 22 21 1 19 2 18 12 4 13 5 10 7 3 8 14 6 9 
age.2 HNR DFA RPDE Shimmer.APQ5 DFA.1 age.3 age age.1 test_time PPE Shimmer.APQ11 Jitter.Abs. Shimmer.DDA Jitter.RAP Shimmer.APQ3 Jitter.DDP Jitter... Shimmer NHR Jitter.PPQ5 Shimmer.dB. 
58.22692 28.40495 26.06503 25.71789 25.36429 24.60093 24.15341 15.08283 12.96615 12.91124 12.16043 12.12843 12.1428 11.98734 12.00247 11.95007 11.97045 11.99108 11.97396 11.99439 12.00749 12.02651 
25.76455 22.75207 21.71112 20.87525 20.34097 19.61574 18.83777 14.0807 11.76351 11.31543 11.00384 10.81057 10.67541 10.58787 10.58419 10.58436 10.58568 10.62087 10.63916 10.6983 10.65291 10.72068 

TEST NUMBER 7 CROSSFOLD NUMBER -------------------- 4 
20 15 4 2 17 14 5 21 1 19 18 16 3 12 11 10 9 6 8 13 7 22 
age.2 HNR Jitter.Abs. test_time DFA NHR Jitter.RAP age.3 age age.1 PPE RPDE Jitter... Shimmer.APQ11 Shimmer.APQ5 Shimmer.APQ3 Shimmer.dB. Jitter.PPQ5 Shimmer Shimmer.DDA Jitter.DDP DFA.1 
57.15822 28.13181 25.86223 25.03284 24.50645 23.98114 23.23339 22.65171 22.57919 13.81072 12.01853 11.93471 11.67329 11.68693 11.70566 11.6735 11.68645 11.70643 11.71632 11.73509 11.75351 11.77066 
28.49157 24.7569 23.39893 22.18833 21.6963 20.19936 18.83037 18.57476 14.70752 13.55598 12.91993 12.87955 12.85552 12.87005 12.75995 12.76429 12.75283 12.76124 12.76685 12.81857 12.86966 12.99442 

TEST NUMBER 7 CROSSFOLD NUMBER -------------------- 5 
20 15 17 2 14 5 21 1 19 4 22 3 7 6 12 16 13 8 9 10 18 11 
age.2 HNR DFA test_time NHR Jitter.RAP age.3 age age.1 Jitter.Abs. DFA.1 Jitter... Jitter.DDP Jitter.PPQ5 Shimmer.APQ11 RPDE Shimmer.DDA Shimmer Shimmer.dB. Shimmer.APQ3 PPE Shimmer.APQ5 
57.34219 28.14083 25.73664 25.3212 24.70204 22.98443 22.2959 22.23253 14.08812 12.24599 12.13108 11.98534 12.00048 12.02107 12.04177 12.06121 11.76147 11.76082 11.77732 11.79205 11.81091 11.73115 
29.41224 27.07151 24.59655 23.19425 22.72699 21.37794 21.03529 14.56022 13.06195 12.83605 12.60675 12.58264 12.58404 12.5857 12.61429 12.64713 12.68819 12.71058 12.73 12.7613 12.99891 13.51442 

TEST NUMBER 7 CROSSFOLD NUMBER -------------------- 6 
21 15 14 17 7 16 3 22 9 10 6 4 2 5 13 11 18 8 12 20 1 19 
age.3 HNR NHR DFA Jitter.DDP RPDE Jitter... DFA.1 Shimmer.dB. Shimmer.APQ3 Jitter.PPQ5 Jitter.Abs. test_time Jitter.RAP Shimmer.DDA Shimmer.APQ5 PPE Shimmer Shimmer.APQ11 age.2 age age.1 
56.21667 28.2564 26.17091 24.61065 24.44223 23.80433 23.29385 23.26696 22.05558 21.95285 21.97688 21.99421 22.0321 21.32247 21.35456 21.38942 21.37833 21.41517 21.45046 21.47004 13.41504 11.73877 
29.20361 26.05241 24.44219 22.91696 21.37995 20.60614 20.41189 20.22645 20.11697 19.97182 19.92338 19.90229 19.87269 19.84967 19.88427 19.93477 20.05853 20.22172 20.37512 20.91112 14.74197 13.43799 

TEST NUMBER 7 CROSSFOLD NUMBER -------------------- 7 
20 17 16 14 6 21 1 19 15 22 2 4 18 11 12 13 8 10 9 7 5 3 
age.2 DFA RPDE NHR Jitter.PPQ5 age.3 age age.1 HNR DFA.1 test_time Jitter.Abs. PPE Shimmer.APQ5 Shimmer.APQ11 Shimmer.DDA Shimmer Shimmer.APQ3 Shimmer.dB. Jitter.DDP Jitter.RAP Jitter... 
57.47347 28.14754 27.53879 25.70686 25.21849 24.05557 23.77709 14.91432 13.01277 12.94135 12.81077 12.05225 11.97672 11.99715 12.01261 11.99352 12.0122 12.03129 12.0435 12.05616 12.07609 12.03969 
28.99128 27.34203 24.47505 23.00821 22.01558 21.54693 13.25799 11.86901 11.44383 11.05959 10.56509 10.4072 10.32834 10.31548 10.26797 10.25095 10.25649 10.29477 10.34608 10.39376 10.41374 10.58491 

TEST NUMBER 7 CROSSFOLD NUMBER -------------------- 8 
19 17 15 14 7 2 16 12 8 9 21 1 20 18 4 22 5 10 13 3 11 6 
age.1 DFA HNR NHR Jitter.DDP test_time RPDE Shimmer.APQ11 Shimmer Shimmer.dB. age.3 age age.2 PPE Jitter.Abs. DFA.1 Jitter.RAP Shimmer.APQ3 Shimmer.DDA Jitter... Shimmer.APQ5 Jitter.PPQ5 
57.51691 28.54971 27.89268 25.03683 23.44007 22.80544 21.99984 21.18873 21.06945 21.0769 21.06966 21.10502 13.64012 12.00762 11.92035 11.88145 11.90192 11.92231 11.94284 11.91529 11.89462 11.89632 
32.91879 29.97781 28.48132 26.44299 25.0529 24.55958 24.04624 23.99504 23.93214 23.83255 23.80819 13.64278 12.10062 11.72249 11.62 11.54659 11.54461 11.54519 11.54538 11.57293 11.66539 11.76858 

TEST NUMBER 7 CROSSFOLD NUMBER -------------------- 9 
20 16 17 14 3 2 15 12 21 1 19 22 18 4 9 8 13 5 7 6 10 11 
age.2 RPDE DFA NHR Jitter... test_time HNR Shimmer.APQ11 age.3 age age.1 DFA.1 PPE Jitter.Abs. Shimmer.dB. Shimmer Shimmer.DDA Jitter.RAP Jitter.DDP Jitter.PPQ5 Shimmer.APQ3 Shimmer.APQ5 
57.23286 27.80775 25.60567 25.23279 24.75857 23.69601 23.06789 21.61083 21.5961 21.25934 13.95531 12.0945 12.0105 12.0294 11.95444 11.97117 11.9917 11.95993 11.91983 11.93875 11.94388 11.96168 
31.25668 29.96802 28.6242 26.88192 25.78544 25.32767 24.78301 24.46942 24.01786 14.01157 11.80195 11.2034 11.12345 11.03394 10.99274 10.99545 10.99721 11.04151 11.06364 11.08655 11.1387 11.25734 

TEST NUMBER 7 CROSSFOLD NUMBER -------------------- 10 
21 2 22 20 1 19 14 15 10 16 11 13 12 4 8 9 18 17 6 7 5 3 
age.3 test_time DFA.1 age.2 age age.1 NHR HNR Shimmer.APQ3 RPDE Shimmer.APQ5 Shimmer.DDA Shimmer.APQ11 Jitter.Abs. Shimmer Shimmer.dB. PPE DFA Jitter.PPQ5 Jitter.DDP Jitter.RAP Jitter... 
56.41902 28.27877 27.72111 27.58595 15.58157 13.05109 12.99201 12.78939 12.67506 12.67396 12.35461 12.37428 12.39228 12.35376 12.14336 12.14115 12.14375 11.77979 11.55311 11.57271 11.59266 11.60377 
29.04176 28.27923 27.78793 27.57295 15.56813 13.21028 12.9518 12.96355 12.92988 12.89272 12.89462 12.90521 12.96985 12.8614 12.85964 12.82534 12.8146 13.15444 15.90655 19.0838 19.08561 21.85821 

TEST NUMBER 8 CROSSFOLD NUMBER -------------------- 1 
20 15 17 9 22 2 21 1 19 18 4 14 3 12 16 11 8 13 10 5 7 6 
age.2 HNR DFA Shimmer.dB. DFA.1 test_time age.3 age age.1 PPE Jitter.Abs. NHR Jitter... Shimmer.APQ11 RPDE Shimmer.APQ5 Shimmer Shimmer.DDA Shimmer.APQ3 Jitter.RAP Jitter.DDP Jitter.PPQ5 
57.07861 28.01772 25.61833 25.31106 24.44122 24.22037 23.60281 14.41232 12.43708 12.33575 12.08421 12.10432 11.94239 11.91916 11.93237 11.95292 11.94004 11.96061 11.97971 11.92896 11.94923 11.95674 
29.37787 27.12637 25.55904 24.57494 23.38991 22.56727 21.94323 14.03986 11.92517 11.63848 11.582 11.21978 11.1716 11.1453 11.12459 11.11954 11.05451 11.09823 11.12626 11.18832 11.18912 11.23678 

TEST NUMBER 8 CROSSFOLD NUMBER -------------------- 2 
20 15 17 14 3 21 1 19 16 2 22 11 8 6 10 13 12 4 9 5 7 18 
age.2 HNR DFA NHR Jitter... age.3 age age.1 RPDE test_time DFA.1 Shimmer.APQ5 Shimmer Jitter.PPQ5 Shimmer.APQ3 Shimmer.DDA Shimmer.APQ11 Jitter.Abs. Shimmer.dB. Jitter.RAP Jitter.DDP PPE 
55.96886 28.1774 25.81767 25.46132 23.91448 23.42102 23.32859 15.12937 13.22457 12.83157 12.04115 11.92853 11.94902 11.96886 11.9661 11.98604 12.00667 11.96603 11.88225 11.90217 11.8713 11.89152 
29.46029 26.57083 23.94993 22.17619 21.33265 21.02685 14.74613 13.02258 12.33342 11.97268 11.62389 11.61268 11.60879 11.60819 11.61002 11.61154 11.64047 11.69154 11.70502 11.75187 11.752 11.94684 

TEST NUMBER 8 CROSSFOLD NUMBER -------------------- 3 
20 15 4 2 22 14 5 21 1 19 18 12 11 3 8 10 9 13 6 7 16 17 
age.2 HNR Jitter.Abs. test_time DFA.1 NHR Jitter.RAP age.3 age age.1 PPE Shimmer.APQ11 Shimmer.APQ5 Jitter... Shimmer Shimmer.APQ3 Shimmer.dB. Shimmer.DDA Jitter.PPQ5 Jitter.DDP RPDE DFA 
56.98384 27.73819 25.4672 24.81618 24.32389 24.33413 23.10745 22.35948 14.38464 12.64304 12.41164 12.0115 12.02327 11.9754 11.98146 11.98982 12.01017 12.02271 12.04336 12.06103 12.08079 11.78461 
32.22789 28.73631 25.78952 24.27033 23.45507 22.97625 21.89405 21.72481 13.59233 12.47102 11.9348 11.77405 11.6826 11.64297 11.62831 11.63499 11.6471 11.66619 11.69622 11.74615 12.17257 12.96332 

TEST NUMBER 8 CROSSFOLD NUMBER -------------------- 4 
21 15 2 16 17 22 12 13 10 20 1 19 18 4 14 6 8 3 11 5 7 9 
age.3 HNR test_time RPDE DFA DFA.1 Shimmer.APQ11 Shimmer.DDA Shimmer.APQ3 age.2 age age.1 PPE Jitter.Abs. NHR Jitter.PPQ5 Shimmer Jitter... Shimmer.APQ5 Jitter.RAP Jitter.DDP Shimmer.dB. 
57.53153 28.36044 26.09928 25.58702 25.36606 25.02817 24.239 23.36687 23.40706 23.44367 14.51731 12.27194 12.2213 12.1813 12.0315 12.00532 11.95576 11.97587 11.99324 12.00571 11.983 12.00238 
27.24007 25.77221 24.60952 24.43512 24.2223 22.75715 22.70366 22.67572 22.65417 22.68838 12.82641 10.97896 10.83899 10.82853 10.8327 10.76701 10.75504 10.75295 10.78338 10.82823 10.83988 10.89868 

TEST NUMBER 8 CROSSFOLD NUMBER -------------------- 5 
20 2 15 14 17 7 22 12 3 10 11 5 9 8 4 13 21 1 19 16 6 18 
age.2 test_time HNR NHR DFA Jitter.DDP DFA.1 Shimmer.APQ11 Jitter... Shimmer.APQ3 Shimmer.APQ5 Jitter.RAP Shimmer.dB. Shimmer Jitter.Abs. Shimmer.DDA age.3 age age.1 RPDE Jitter.PPQ5 PPE 
58.37731 28.24689 27.74065 25.0604 23.31493 22.97113 22.28255 22.16959 22.03918 22.051 22.08899 22.11651 22.15355 22.19147 22.14822 22.17753 22.21503 13.39628 11.96949 11.89679 11.66942 11.68928 
26.84048 26.14658 25.70171 24.27343 23.66853 21.99411 21.75584 21.5285 21.35074 21.33749 21.24627 21.24124 21.24142 21.17524 21.19736 21.23105 21.27327 15.71608 13.87995 13.67362 13.62474 13.60266 

TEST NUMBER 8 CROSSFOLD NUMBER -------------------- 6 
20 17 16 14 5 21 1 19 22 2 11 15 18 3 6 10 7 13 9 12 8 4 
age.2 DFA RPDE NHR Jitter.RAP age.3 age age.1 DFA.1 test_time Shimmer.APQ5 HNR PPE Jitter... Jitter.PPQ5 Shimmer.APQ3 Jitter.DDP Shimmer.DDA Shimmer.dB. Shimmer.APQ11 Shimmer Jitter.Abs. 
57.66359 28.43503 27.83347 25.7262 25.11877 23.75264 23.47889 14.78115 12.98818 12.98772 12.1768 12.11833 11.96098 11.98081 11.97699 11.99571 12.01589 12.03592 11.97079 11.99119 12.01141 11.9542 
26.281 24.78461 24.02898 23.63065 22.5607 22.14332 14.27244 11.98156 11.68816 11.25721 11.07485 11.06183 11.04095 11.01907 11.01677 11.01641 11.01808 11.02475 11.05222 11.09497 11.08299 11.21872 

TEST NUMBER 8 CROSSFOLD NUMBER -------------------- 7 
20 2 16 14 17 13 11 18 12 22 10 21 1 19 4 15 8 9 6 7 5 3 
age.2 test_time RPDE NHR DFA Shimmer.DDA Shimmer.APQ5 PPE Shimmer.APQ11 DFA.1 Shimmer.APQ3 age.3 age age.1 Jitter.Abs. HNR Shimmer Shimmer.dB. Jitter.PPQ5 Jitter.DDP Jitter.RAP Jitter... 
56.74669 28.03409 27.63799 25.53642 25.10166 24.60803 24.16413 24.02536 23.95736 23.92885 23.88612 23.92282 14.41543 12.12728 11.95773 11.80687 11.82089 11.8114 11.59684 11.61536 11.63468 11.63052 
29.19221 27.53557 26.52824 24.47317 22.7127 22.04246 21.66496 21.42677 21.2856 21.06071 21.0099 20.96802 14.32234 12.72978 12.59642 12.5756 12.581 12.75334 16.17057 18.60756 18.63045 23.91504 

TEST NUMBER 8 CROSSFOLD NUMBER -------------------- 8 
20 15 17 14 3 2 16 21 1 19 12 8 7 18 4 5 9 10 13 6 11 22 
age.2 HNR DFA NHR Jitter... test_time RPDE age.3 age age.1 Shimmer.APQ11 Shimmer Jitter.DDP PPE Jitter.Abs. Jitter.RAP Shimmer.dB. Shimmer.APQ3 Shimmer.DDA Jitter.PPQ5 Shimmer.APQ5 DFA.1 
57.34903 28.05319 25.86574 25.55051 24.02575 23.54509 22.77965 22.32045 22.06197 14.21919 12.04163 12.05949 12.06469 12.0656 11.94 11.91278 11.93287 11.95263 11.97015 11.9893 12.00264 11.93608 
30.97786 26.61982 23.39719 21.17034 20.19681 19.26696 18.51232 18.07221 12.47458 11.0801 10.89695 10.82006 10.7875 10.6041 10.58647 10.58499 10.59746 10.61 10.62795 10.672 11.04089 11.61941 

TEST NUMBER 8 CROSSFOLD NUMBER -------------------- 9 
21 15 22 14 7 16 2 12 20 1 19 11 4 13 3 10 5 18 9 8 6 17 
age.3 HNR DFA.1 NHR Jitter.DDP RPDE test_time Shimmer.APQ11 age.2 age age.1 Shimmer.APQ5 Jitter.Abs. Shimmer.DDA Jitter... Shimmer.APQ3 Jitter.RAP PPE Shimmer.dB. Shimmer Jitter.PPQ5 DFA 
57.48548 28.1782 26.13095 25.56026 23.82217 22.95212 22.04133 21.40889 21.38974 14.48352 12.50662 12.25828 12.25399 12.20558 12.22216 12.21697 12.2358 12.25637 11.98273 12.00238 12.01931 12.02876 
30.79186 27.81036 25.61341 23.95242 22.89692 21.81623 21.54417 21.46227 21.25686 12.44551 10.99419 10.73877 10.61616 10.53413 10.53411 10.54575 10.57794 10.62214 10.63594 10.6411 10.67937 10.75837 

TEST NUMBER 8 CROSSFOLD NUMBER -------------------- 10 
20 16 17 15 14 7 21 1 19 22 4 11 8 9 5 6 3 10 13 18 12 2 
age.2 RPDE DFA HNR NHR Jitter.DDP age.3 age age.1 DFA.1 Jitter.Abs. Shimmer.APQ5 Shimmer Shimmer.dB. Jitter.RAP Jitter.PPQ5 Jitter... Shimmer.APQ3 Shimmer.DDA PPE Shimmer.APQ11 test_time 
56.33551 28.07783 26.03977 25.68035 24.99533 23.20359 22.46878 22.13899 14.94976 12.92105 12.76159 12.68731 12.7061 12.72519 12.7434 12.76381 12.77672 12.78259 12.80232 12.82439 12.82723 11.96505 
28.20234 25.72124 24.84826 24.16253 23.37225 21.43117 20.85369 13.16254 11.5327 11.1744 11.13422 11.10145 11.05126 11.05185 11.05242 11.0586 11.05793 11.07062 11.07063 11.07876 11.10157 11.23486 

TEST NUMBER 9 CROSSFOLD NUMBER -------------------- 1 
20 15 2 17 14 5 16 21 1 19 18 22 3 12 7 6 9 13 10 4 8 11 
age.2 HNR test_time DFA NHR Jitter.RAP RPDE age.3 age age.1 PPE DFA.1 Jitter... Shimmer.APQ11 Jitter.DDP Jitter.PPQ5 Shimmer.dB. Shimmer.DDA Shimmer.APQ3 Jitter.Abs. Shimmer Shimmer.APQ5 
57.93228 28.2511 25.99151 25.51861 25.02658 23.33139 22.69491 22.16879 21.86233 14.08858 12.03758 11.96117 11.97899 11.97321 11.96411 11.98384 12.00318 12.02319 11.97319 11.99337 11.94555 11.9659 
27.33504 23.55544 22.12083 21.17597 20.3204 18.20701 17.2015 16.9911 12.84514 11.77628 11.08684 10.95603 10.92819 10.91981 10.92012 10.94173 10.99576 11.04142 11.0452 11.07701 11.11472 11.22369 

TEST NUMBER 9 CROSSFOLD NUMBER -------------------- 2 
19 16 17 14 6 2 15 12 22 13 18 8 11 10 3 4 21 1 20 9 5 7 
age.1 RPDE DFA NHR Jitter.PPQ5 test_time HNR Shimmer.APQ11 DFA.1 Shimmer.DDA PPE Shimmer Shimmer.APQ5 Shimmer.APQ3 Jitter... Jitter.Abs. age.3 age age.2 Shimmer.dB. Jitter.RAP Jitter.DDP 
56.34556 28.50028 25.83172 25.45583 24.84696 23.768 23.23681 21.62312 21.48583 21.52243 21.51053 21.52788 21.55772 21.58537 21.62214 21.65172 21.67933 13.63016 11.94769 11.96042 11.89605 11.91528 
31.12476 28.12385 26.35275 25.69654 23.20772 22.64498 22.25928 22.07468 21.75876 21.43614 21.36413 21.33925 21.32759 21.35517 21.39908 21.46547 21.51556 12.97851 11.20316 11.26231 11.80751 11.82675 

TEST NUMBER 9 CROSSFOLD NUMBER -------------------- 3 
20 17 15 2 14 5 16 21 1 19 22 11 12 3 8 6 7 18 9 10 13 4 
age.2 DFA HNR test_time NHR Jitter.RAP RPDE age.3 age age.1 DFA.1 Shimmer.APQ5 Shimmer.APQ11 Jitter... Shimmer Jitter.PPQ5 Jitter.DDP PPE Shimmer.dB. Shimmer.APQ3 Shimmer.DDA Jitter.Abs. 
56.4906 27.92902 27.28758 24.96649 24.381 22.69934 22.00619 21.43081 21.15385 13.96058 11.95307 11.82092 11.84101 11.82801 11.80794 11.8281 11.8481 11.86787 11.87661 11.89646 11.91473 11.85961 
31.44051 29.37509 27.74867 26.27189 25.30036 24.03791 23.54189 23.11984 13.53643 12.32184 12.14366 12.10203 11.99346 11.92986 11.92022 11.91493 11.91746 11.92735 11.93413 11.98119 12.01431 12.13898 

TEST NUMBER 9 CROSSFOLD NUMBER -------------------- 4 
19 15 17 16 22 9 8 2 21 1 20 4 14 11 12 3 10 13 18 6 5 7 
age.1 HNR DFA RPDE DFA.1 Shimmer.dB. Shimmer test_time age.3 age age.2 Jitter.Abs. NHR Shimmer.APQ5 Shimmer.APQ11 Jitter... Shimmer.APQ3 Shimmer.DDA PPE Jitter.PPQ5 Jitter.RAP Jitter.DDP 
58.45833 28.9144 26.03537 25.6706 25.12501 25.14637 24.00486 23.89229 23.30613 14.49376 12.3108 12.22516 12.24603 12.05378 12.04743 12.04874 12.03834 12.05833 12.079 12.01673 12.02178 12.04194 
29.20413 26.26861 23.06534 22.10627 21.80478 20.98266 20.61484 20.35189 20.27241 12.50657 10.58169 10.47421 10.33314 10.26882 10.25303 10.2691 10.26219 10.26334 10.31945 10.49525 10.58403 10.58999 

TEST NUMBER 9 CROSSFOLD NUMBER -------------------- 5 
21 17 15 14 2 22 16 18 4 11 8 9 20 1 19 12 13 10 6 5 7 3 
age.3 DFA HNR NHR test_time DFA.1 RPDE PPE Jitter.Abs. Shimmer.APQ5 Shimmer Shimmer.dB. age.2 age age.1 Shimmer.APQ11 Shimmer.DDA Shimmer.APQ3 Jitter.PPQ5 Jitter.RAP Jitter.DDP Jitter... 
57.01613 28.2902 27.6531 25.58248 24.15473 23.36418 22.72956 22.1005 22.07856 21.96668 21.86103 21.85535 21.69988 13.85598 11.83243 11.84802 11.86402 11.88149 11.64553 11.66434 11.68421 11.66107 
29.77068 28.25758 26.39919 24.64403 24.1542 23.84537 23.65925 23.52691 23.42818 23.39588 23.10865 23.1407 23.14029 12.71374 12.42357 12.34202 12.3566 12.41482 15.67444 19.4872 19.48234 27.71775 

TEST NUMBER 9 CROSSFOLD NUMBER -------------------- 6 
20 15 4 16 5 14 17 2 22 3 18 6 21 1 19 12 8 7 9 11 10 13 
age.2 HNR Jitter.Abs. RPDE Jitter.RAP NHR DFA test_time DFA.1 Jitter... PPE Jitter.PPQ5 age.3 age age.1 Shimmer.APQ11 Shimmer Jitter.DDP Shimmer.dB. Shimmer.APQ5 Shimmer.APQ3 Shimmer.DDA 
57.98219 28.54616 25.99058 25.25535 24.65423 24.64833 22.87097 22.879 22.13628 21.82396 21.75253 21.78776 21.82477 14.064 11.85225 11.86906 11.8744 11.89001 11.90994 11.92837 11.89491 11.9131 
24.36934 23.15575 21.03862 20.67533 20.35722 19.61263 18.05996 17.74712 17.50586 17.2537 17.24408 17.26446 17.31113 11.87836 11.74648 11.74246 11.69014 11.69191 11.69643 11.81419 11.8868 11.93495 

TEST NUMBER 9 CROSSFOLD NUMBER -------------------- 7 
21 15 4 17 14 2 16 7 12 5 11 18 6 10 9 8 20 1 19 13 3 22 
age.3 HNR Jitter.Abs. DFA NHR test_time RPDE Jitter.DDP Shimmer.APQ11 Jitter.RAP Shimmer.APQ5 PPE Jitter.PPQ5 Shimmer.APQ3 Shimmer.dB. Shimmer age.2 age age.1 Shimmer.DDA Jitter... DFA.1 
56.35068 27.72834 25.6707 24.96993 24.52604 23.86524 23.09482 22.84864 21.95199 21.92485 21.9624 21.93013 21.96791 22.00532 21.97177 21.9946 22.03172 21.002 13.22871 11.59944 11.61854 11.59471 
34.87522 31.66899 28.69524 27.49115 26.63308 25.75784 25.20127 24.59796 24.55561 24.53977 24.52003 24.52153 24.5207 24.54814 24.38244 24.38479 24.48739 15.81963 14.25557 14.27918 14.30883 14.48317 

TEST NUMBER 9 CROSSFOLD NUMBER -------------------- 8 
20 15 14 21 1 19 4 16 7 18 12 11 3 9 8 5 10 13 22 17 2 6 
age.2 HNR NHR age.3 age age.1 Jitter.Abs. RPDE Jitter.DDP PPE Shimmer.APQ11 Shimmer.APQ5 Jitter... Shimmer.dB. Shimmer Jitter.RAP Shimmer.APQ3 Shimmer.DDA DFA.1 DFA test_time Jitter.PPQ5 
56.4567 28.35833 25.88622 24.26545 24.17445 15.82586 13.79062 13.42908 13.02896 12.95011 12.74497 12.76494 12.77827 12.79763 12.81968 12.8351 12.85721 12.87801 12.8995 12.75563 12.74491 11.9032 
23.96921 21.90593 20.24224 20.06112 18.08363 13.84409 13.02483 12.60977 12.4169 12.26076 12.20444 12.14252 12.06636 12.06639 12.0415 12.04554 12.05286 12.05401 12.05949 11.81951 11.77229 11.90064 

TEST NUMBER 9 CROSSFOLD NUMBER -------------------- 9 
20 15 17 6 2 12 22 21 1 19 16 18 14 4 3 10 13 8 11 5 7 9 
age.2 HNR DFA Jitter.PPQ5 test_time Shimmer.APQ11 DFA.1 age.3 age age.1 RPDE PPE NHR Jitter.Abs. Jitter... Shimmer.APQ3 Shimmer.DDA Shimmer Shimmer.APQ5 Jitter.RAP Jitter.DDP Shimmer.dB. 
57.91198 28.12398 25.68147 25.34165 24.67764 23.99702 23.80051 23.66899 14.67116 12.5226 12.43576 12.21902 12.05804 12.06873 11.98296 12.00318 12.02115 11.96995 11.98459 11.97618 11.94916 11.96961 
29.52317 27.55772 25.05683 23.11907 22.07823 21.63404 20.91163 20.66777 13.63781 11.49946 10.99348 10.7331 10.6658 10.5897 10.61952 10.66166 10.71476 10.81589 10.96003 11.23571 11.23543 11.49837 

TEST NUMBER 9 CROSSFOLD NUMBER -------------------- 10 
20 17 16 14 3 2 15 21 1 19 22 13 12 11 10 9 8 4 5 7 6 18 
age.2 DFA RPDE NHR Jitter... test_time HNR age.3 age age.1 DFA.1 Shimmer.DDA Shimmer.APQ11 Shimmer.APQ5 Shimmer.APQ3 Shimmer.dB. Shimmer Jitter.Abs. Jitter.RAP Jitter.DDP Jitter.PPQ5 PPE 
56.57524 28.0942 27.40103 25.4146 24.90925 23.89029 23.28248 21.85091 21.56291 14.03928 12.04444 11.93936 11.95991 11.97986 11.97814 11.99869 12.00738 12.02345 11.92877 11.87055 11.89028 11.88742 
28.75266 27.94248 26.10448 24.75312 23.82352 23.08477 22.41213 22.22377 14.37083 11.75353 11.45997 11.45432 11.39475 11.32494 11.32566 11.33567 11.3457 11.42529 11.47163 11.47228 11.64572 11.89494 

TEST NUMBER 10 CROSSFOLD NUMBER -------------------- 1 
20 17 16 2 14 5 21 1 19 15 18 4 6 3 13 10 7 11 22 12 9 8 
age.2 DFA RPDE test_time NHR Jitter.RAP age.3 age age.1 HNR PPE Jitter.Abs. Jitter.PPQ5 Jitter... Shimmer.DDA Shimmer.APQ3 Jitter.DDP Shimmer.APQ5 DFA.1 Shimmer.APQ11 Shimmer.dB. Shimmer 
57.26465 28.2336 27.62825 25.77923 25.30432 24.75102 23.41219 23.20826 13.94918 12.2308 12.12727 12.02538 11.97046 11.99033 11.99869 12.01755 12.03806 12.05774 12.07731 12.024 12.04462 12.06432 
28.84634 26.59172 23.76317 22.61925 21.70714 19.47611 18.91025 13.50434 10.96302 10.84342 10.49182 10.39632 10.36365 10.33294 10.32891 10.32774 10.33061 10.34539 10.34181 10.36373 10.37143 10.37648 

TEST NUMBER 10 CROSSFOLD NUMBER -------------------- 2 
20 15 17 14 5 16 21 1 19 18 2 12 3 7 6 9 8 13 10 4 11 22 
age.2 HNR DFA NHR Jitter.RAP RPDE age.3 age age.1 PPE test_time Shimmer.APQ11 Jitter... Jitter.DDP Jitter.PPQ5 Shimmer.dB. Shimmer Shimmer.DDA Shimmer.APQ3 Jitter.Abs. Shimmer.APQ5 DFA.1 
57.2397 28.27458 25.85293 25.48357 23.98997 23.35005 22.71804 22.37843 14.86221 12.83818 12.71909 11.92862 11.94907 11.95111 11.97026 11.99042 11.98757 11.99892 12.0194 12.03884 11.97741 11.89972 
28.0396 25.91387 23.50768 21.22333 20.12194 19.06926 18.59966 13.3778 11.46627 11.08467 10.81728 10.66996 10.58461 10.59268 10.61038 10.6459 10.65759 10.65203 10.65518 10.99519 11.47627 12.06942 

TEST NUMBER 10 CROSSFOLD NUMBER -------------------- 3 
20 15 17 14 2 7 16 21 1 19 22 4 11 12 3 13 10 6 8 5 9 18 
age.2 HNR DFA NHR test_time Jitter.DDP RPDE age.3 age age.1 DFA.1 Jitter.Abs. Shimmer.APQ5 Shimmer.APQ11 Jitter... Shimmer.DDA Shimmer.APQ3 Jitter.PPQ5 Shimmer Jitter.RAP Shimmer.dB. PPE 
57.52575 28.35844 25.9937 25.53578 23.98238 23.29069 22.57569 22.01035 21.76986 14.28427 12.13228 12.00123 11.94738 11.96737 11.95615 11.94513 11.9585 11.9791 11.98812 12.00868 12.02863 12.04933 
26.90419 24.03169 22.33988 20.83398 19.73648 18.80913 18.27099 17.54979 10.93136 10.7237 10.58049 10.49704 10.47966 10.37686 10.35717 10.3594 10.35939 10.36052 10.36242 10.39324 10.43226 10.45209 

TEST NUMBER 10 CROSSFOLD NUMBER -------------------- 4 
21 15 4 16 17 22 2 14 5 3 9 18 8 7 11 6 12 10 13 20 1 19 
age.3 HNR Jitter.Abs. RPDE DFA DFA.1 test_time NHR Jitter.RAP Jitter... Shimmer.dB. PPE Shimmer Jitter.DDP Shimmer.APQ5 Jitter.PPQ5 Shimmer.APQ11 Shimmer.APQ3 Shimmer.DDA age.2 age age.1 
57.41474 28.5509 26.40735 25.54315 25.14383 24.84931 23.96988 23.35579 22.34548 21.58548 21.50828 21.39802 21.43183 21.46288 21.4905 21.45297 21.47197 21.47893 21.50672 21.53748 13.56073 11.88768 
26.4874 24.10964 22.68404 22.0793 21.45554 20.8203 20.12465 19.72224 18.5953 18.31856 18.2809 18.2514 18.23879 18.25435 18.27556 18.30389 18.76963 19.04199 19.15804 20.06184 13.33353 12.0014 

TEST NUMBER 10 CROSSFOLD NUMBER -------------------- 5 
21 15 17 14 7 2 16 22 3 5 18 13 11 8 10 12 6 9 20 1 19 4 
age.3 HNR DFA NHR Jitter.DDP test_time RPDE DFA.1 Jitter... Jitter.RAP PPE Shimmer.DDA Shimmer.APQ5 Shimmer Shimmer.APQ3 Shimmer.APQ11 Jitter.PPQ5 Shimmer.dB. age.2 age age.1 Jitter.Abs. 
56.91082 28.35365 26.30255 25.95939 24.43931 23.78017 22.91052 22.45408 21.44368 21.35994 21.392 21.42821 21.36859 21.33202 21.36812 21.40201 21.42544 21.43476 21.43179 13.73516 12.00323 11.98458 
28.62239 25.404 23.96873 22.35938 21.28158 20.72232 20.5263 20.40427 20.30365 20.28281 20.27478 20.28286 20.17506 20.17114 20.19084 20.23058 20.27644 20.339 20.52336 13.04486 11.23603 11.03182 

TEST NUMBER 10 CROSSFOLD NUMBER -------------------- 6 
19 16 17 14 15 2 18 3 9 8 21 1 20 22 4 12 11 13 10 6 7 5 
age.1 RPDE DFA NHR HNR test_time PPE Jitter... Shimmer.dB. Shimmer age.3 age age.2 DFA.1 Jitter.Abs. Shimmer.APQ11 Shimmer.APQ5 Shimmer.DDA Shimmer.APQ3 Jitter.PPQ5 Jitter.DDP Jitter.RAP 
57.75266 28.75376 25.86437 25.42969 24.92772 23.02432 22.37124 22.36515 21.65602 21.5603 21.56284 21.5947 13.84152 11.99591 12.01627 11.94004 11.9587 11.94666 11.96712 11.88722 11.8964 11.9168 
29.02915 27.33835 26.07221 24.39721 22.64047 22.40768 22.32157 22.21164 22.19838 22.1434 22.09684 12.99804 11.71922 11.42522 11.2874 11.26546 11.2241 11.21449 11.21723 11.35534 11.62135 11.62539 

TEST NUMBER 10 CROSSFOLD NUMBER -------------------- 7 
20 16 17 21 1 19 2 22 9 4 14 5 12 6 3 18 7 11 13 8 10 15 
age.2 RPDE DFA age.3 age age.1 test_time DFA.1 Shimmer.dB. Jitter.Abs. NHR Jitter.RAP Shimmer.APQ11 Jitter.PPQ5 Jitter... PPE Jitter.DDP Shimmer.APQ5 Shimmer.DDA Shimmer Shimmer.APQ3 HNR 
56.85739 27.80084 25.69615 25.28549 25.16448 15.43914 13.00745 12.25855 12.26375 12.11976 12.1398 12.0124 11.96599 11.98128 11.99546 12.01332 11.76874 11.78597 11.75103 11.76148 11.77987 11.79826 
31.62758 29.78054 27.92177 27.1916 16.13124 14.48058 13.65684 12.94687 12.70197 12.65857 12.44708 12.33564 12.33946 12.35126 12.36073 12.33983 12.3577 12.39639 12.39918 12.38275 12.41817 12.68514 

TEST NUMBER 10 CROSSFOLD NUMBER -------------------- 8 
21 16 17 14 6 3 20 1 19 15 22 11 9 13 12 10 8 2 4 18 7 5 
age.3 RPDE DFA NHR Jitter.PPQ5 Jitter... age.2 age age.1 HNR DFA.1 Shimmer.APQ5 Shimmer.dB. Shimmer.DDA Shimmer.APQ11 Shimmer.APQ3 Shimmer test_time Jitter.Abs. PPE Jitter.DDP Jitter.RAP 
57.47825 28.46661 26.69191 26.26426 25.70451 24.67762 24.67562 23.62008 14.71328 12.76473 12.67992 12.53168 12.54814 12.56582 12.58521 12.59058 12.61067 12.6159 11.77588 11.68845 11.64869 11.66871 
27.52642 25.88579 24.79257 24.26673 22.70537 22.77074 22.84801 14.86176 13.97085 13.55521 13.49024 13.45921 13.40957 13.41523 13.41698 13.43029 13.47493 13.51183 13.54225 13.62523 13.96408 13.96327 

TEST NUMBER 10 CROSSFOLD NUMBER -------------------- 9 
20 15 14 2 7 17 22 21 1 19 6 3 5 12 11 8 13 10 9 18 4 16 
age.2 HNR NHR test_time Jitter.DDP DFA DFA.1 age.3 age age.1 Jitter.PPQ5 Jitter... Jitter.RAP Shimmer.APQ11 Shimmer.APQ5 Shimmer Shimmer.DDA Shimmer.APQ3 Shimmer.dB. PPE Jitter.Abs. RPDE 
56.30195 27.42639 25.01586 23.40208 22.87601 22.04624 21.95293 21.88276 13.89941 12.14526 11.95325 11.97357 11.98554 12.00576 12.02611 11.93755 11.95675 11.97663 11.99726 12.01781 11.67967 11.63485 
33.44503 30.76108 29.07251 27.66451 27.36882 24.97602 24.65745 24.40109 16.95372 13.75812 13.75811 13.75285 13.75389 13.75566 13.72594 13.69254 13.69999 13.69994 13.73423 13.80081 13.85219 14.14757 

TEST NUMBER 10 CROSSFOLD NUMBER -------------------- 10 
20 15 17 14 2 22 12 21 1 19 18 4 16 8 11 10 13 9 6 7 5 3 
age.2 HNR DFA NHR test_time DFA.1 Shimmer.APQ11 age.3 age age.1 PPE Jitter.Abs. RPDE Shimmer Shimmer.APQ5 Shimmer.APQ3 Shimmer.DDA Shimmer.dB. Jitter.PPQ5 Jitter.DDP Jitter.RAP Jitter... 
56.76524 28.19689 25.72521 25.32198 23.79453 23.06545 23.01429 22.8907 14.70147 12.51093 12.42591 12.19016 12.07237 12.08833 12.09913 12.0817 12.10217 12.09844 11.88969 11.90603 11.92454 11.93716 
28.24697 26.8392 24.68851 23.363 22.74822 21.96896 21.55994 21.07644 12.56721 11.54926 10.89368 10.39578 10.14332 10.14464 10.16414 10.21486 10.22345 10.36557 13.37721 16.3217 16.39095 19.01463 
