
TEST NUMBER 1 CROSSFOLD NUMBER -------------------- 1 
21 19 17 18 22 4 15 8 11 13 5 6 9 20 1 12 7 10 16 14 3 2 
age.3 age.1 DFA PPE DFA.1 Jitter.Abs. HNR Shimmer Shimmer.APQ5 Shimmer.DDA Jitter.RAP Jitter.PPQ5 Shimmer.dB. age.2 age Shimmer.APQ11 Jitter.DDP Shimmer.APQ3 RPDE NHR Jitter... test_time 
55.43942 51.72747 40.1227 39.18833 38.56296 38.44515 38.01442 38.0367 37.77308 37.76224 37.77932 37.74454 37.62643 37.64055 37.66198 36.20285 36.16654 36.18712 36.21027 36.19442 36.19675 36.13293 
59.73131 45.07216 43.08288 42.12104 41.29427 41.11547 41.04782 40.62445 40.2261 40.10978 39.92132 39.75076 39.70508 39.6506 37.17998 37.1533 37.14475 37.14085 37.14735 37.17485 37.22214 37.34891 

TEST NUMBER 1 CROSSFOLD NUMBER -------------------- 2 
21 1 17 18 8 11 20 19 16 2 15 13 9 4 7 6 14 3 10 12 5 22 
age.3 age DFA PPE Shimmer Shimmer.APQ5 age.2 age.1 RPDE test_time HNR Shimmer.DDA Shimmer.dB. Jitter.Abs. Jitter.DDP Jitter.PPQ5 NHR Jitter... Shimmer.APQ3 Shimmer.APQ11 Jitter.RAP DFA.1 
56.21232 52.6453 40.46684 39.47563 38.8441 38.67062 38.4334 38.44244 37.0486 37.07179 37.07337 37.06518 37.08413 37.09325 36.86377 36.83128 36.55116 36.52182 36.5212 36.54453 36.52108 36.53479 
52.92695 41.48233 38.89975 38.25958 37.75368 37.39748 37.13197 34.64686 34.42351 34.23866 34.17446 34.1024 34.06823 34.0654 33.81011 33.49754 33.45827 33.45777 33.45762 33.5261 33.60501 33.84863 

TEST NUMBER 1 CROSSFOLD NUMBER -------------------- 3 
21 1 17 22 18 8 15 16 14 2 9 7 4 6 20 19 12 3 13 10 5 11 
age.3 age DFA DFA.1 PPE Shimmer HNR RPDE NHR test_time Shimmer.dB. Jitter.DDP Jitter.Abs. Jitter.PPQ5 age.2 age.1 Shimmer.APQ11 Jitter... Shimmer.DDA Shimmer.APQ3 Jitter.RAP Shimmer.APQ5 
55.80216 51.99689 40.09141 39.1711 39.12297 38.55304 38.35248 38.26828 38.24341 38.14738 38.13635 38.12794 38.15059 37.80485 37.7301 36.15711 36.1559 36.07442 36.08179 35.9662 35.9896 36.00509 
57.08155 44.09216 42.21367 41.34155 40.62148 40.39349 40.27609 40.11445 40.05047 39.9966 39.9658 39.95085 39.84269 39.68794 39.65603 38.14484 38.0688 37.99685 38.00485 38.00155 38.04288 38.38723 

TEST NUMBER 1 CROSSFOLD NUMBER -------------------- 4 
21 1 22 18 4 13 15 16 20 19 11 8 12 7 6 2 3 10 9 5 14 17 
age.3 age DFA.1 PPE Jitter.Abs. Shimmer.DDA HNR RPDE age.2 age.1 Shimmer.APQ5 Shimmer Shimmer.APQ11 Jitter.DDP Jitter.PPQ5 test_time Jitter... Shimmer.APQ3 Shimmer.dB. Jitter.RAP NHR DFA 
56.49781 52.80251 40.39122 40.31618 39.70691 39.24765 39.00393 39.00499 38.94792 37.0462 36.61128 36.63139 36.59753 36.583 36.5263 36.27413 36.23048 36.23626 36.25834 36.25652 36.27082 36.25617 
49.17607 40.01909 39.72276 38.40345 38.07365 37.93221 37.85419 37.78482 37.71637 36.76426 36.63077 36.57463 36.54727 36.42865 35.88316 35.84972 35.8091 35.82058 35.83243 35.89295 35.95882 36.25835 

TEST NUMBER 1 CROSSFOLD NUMBER -------------------- 5 
21 19 17 18 4 22 9 15 14 2 5 6 13 11 8 12 3 10 7 16 20 1 
age.3 age.1 DFA PPE Jitter.Abs. DFA.1 Shimmer.dB. HNR NHR test_time Jitter.RAP Jitter.PPQ5 Shimmer.DDA Shimmer.APQ5 Shimmer Shimmer.APQ11 Jitter... Shimmer.APQ3 Jitter.DDP RPDE age.2 age 
55.48089 51.69028 40.30205 39.3319 38.68652 38.36046 38.12954 38.02069 37.92983 37.94676 37.93316 37.84501 37.76 37.74454 37.74063 37.5932 37.60111 37.6212 37.64535 37.66906 37.69337 36.14801 
57.42104 41.77635 41.6001 40.60016 40.08043 39.75837 39.55474 39.38523 39.32976 39.28827 39.24146 39.15593 39.10708 39.02197 39.0001 38.93535 38.93366 38.93756 38.96378 39.01627 39.24578 37.16527 

TEST NUMBER 1 CROSSFOLD NUMBER -------------------- 6 
21 1 17 22 18 4 8 20 19 12 16 15 14 10 13 9 11 2 6 3 7 5 
age.3 age DFA DFA.1 PPE Jitter.Abs. Shimmer age.2 age.1 Shimmer.APQ11 RPDE HNR NHR Shimmer.APQ3 Shimmer.DDA Shimmer.dB. Shimmer.APQ5 test_time Jitter.PPQ5 Jitter... Jitter.DDP Jitter.RAP 
56.29211 52.53559 40.36385 39.61699 39.57907 38.98978 38.59371 38.47529 36.97333 36.9969 36.96357 36.91028 36.93419 36.93177 36.95263 36.93563 36.9249 36.7335 36.69306 36.39952 36.40042 36.41518 
52.92457 42.11471 39.64429 37.43359 36.84401 36.41654 36.08883 36.03945 34.06749 34.00846 34.00979 33.98267 33.97552 34.02768 34.06632 34.11423 34.19218 34.28219 34.52718 34.53372 35.03411 35.08865 

TEST NUMBER 1 CROSSFOLD NUMBER -------------------- 7 
21 1 17 22 15 8 6 4 5 20 19 18 3 13 7 14 10 2 9 16 12 11 
age.3 age DFA DFA.1 HNR Shimmer Jitter.PPQ5 Jitter.Abs. Jitter.RAP age.2 age.1 PPE Jitter... Shimmer.DDA Jitter.DDP NHR Shimmer.APQ3 test_time Shimmer.dB. RPDE Shimmer.APQ11 Shimmer.APQ5 
56.28306 52.7615 40.61816 39.71327 39.66879 39.4565 39.23924 39.22806 39.22627 39.22311 37.60285 36.80638 36.82338 36.83947 36.81924 36.84079 36.82817 36.84825 36.79335 36.77341 36.69044 36.58048 
49.24873 38.52427 37.54052 36.5117 36.16495 35.33651 35.31746 35.23117 35.13677 35.09322 33.0103 32.99144 32.95399 32.89322 32.87892 32.87538 32.91422 32.955 32.98842 33.07248 33.13906 33.4039 

TEST NUMBER 1 CROSSFOLD NUMBER -------------------- 8 
21 1 17 22 15 14 16 11 12 4 3 6 20 19 5 7 9 8 10 13 2 18 
age.3 age DFA DFA.1 HNR NHR RPDE Shimmer.APQ5 Shimmer.APQ11 Jitter.Abs. Jitter... Jitter.PPQ5 age.2 age.1 Jitter.RAP Jitter.DDP Shimmer.dB. Shimmer Shimmer.APQ3 Shimmer.DDA test_time PPE 
56.22362 52.42632 40.32848 39.3749 39.33036 39.11767 39.1063 39.12784 38.92645 38.90896 38.93412 38.82947 38.83743 37.16888 36.54283 36.30057 36.32424 36.28422 36.00555 36.0262 36.04928 35.98483 
52.67094 41.32852 40.14195 39.52114 39.17726 39.08752 39.08746 39.10605 39.0722 39.08118 39.04602 38.9902 38.99723 38.02667 38.0701 38.06447 38.15812 38.10338 38.12638 38.12293 38.26088 38.66225 

TEST NUMBER 1 CROSSFOLD NUMBER -------------------- 9 
21 1 17 22 20 19 2 13 11 8 18 4 5 6 12 3 16 14 15 10 7 9 
age.3 age DFA DFA.1 age.2 age.1 test_time Shimmer.DDA Shimmer.APQ5 Shimmer PPE Jitter.Abs. Jitter.RAP Jitter.PPQ5 Shimmer.APQ11 Jitter... RPDE NHR HNR Shimmer.APQ3 Jitter.DDP Shimmer.dB. 
56.18628 52.32883 40.37479 39.40738 39.39317 37.38323 37.07552 37.06405 36.84325 36.79724 36.70773 36.72468 36.54122 36.49665 36.26855 36.23114 36.22917 36.16176 36.17697 36.19964 36.18193 36.20182 
53.08962 40.07109 39.79752 39.25707 39.01914 38.82757 38.6048 38.48469 38.03713 37.93281 37.80118 37.51812 37.43093 36.83835 36.74076 36.70106 36.68882 36.68332 36.67882 36.67875 36.68536 36.77664 

TEST NUMBER 1 CROSSFOLD NUMBER -------------------- 10 
17 18 21 1 22 4 20 19 2 6 5 16 14 7 3 12 15 11 8 9 10 13 
DFA PPE age.3 age DFA.1 Jitter.Abs. age.2 age.1 test_time Jitter.PPQ5 Jitter.RAP RPDE NHR Jitter.DDP Jitter... Shimmer.APQ11 HNR Shimmer.APQ5 Shimmer Shimmer.dB. Shimmer.APQ3 Shimmer.DDA 
56.44957 56.2141 54.56647 51.73581 39.02609 39.03008 38.71168 37.08268 37.10335 37.08957 37.11002 36.97631 36.99822 36.9224 36.94596 36.96636 36.89555 36.48295 36.45835 36.39744 36.40709 36.43066 
52.71894 49.01069 46.83947 37.7073 36.55325 35.51545 35.38463 34.67753 34.55676 34.55035 34.49199 34.46645 34.41757 34.4019 34.41932 34.43651 34.56171 34.92233 34.91806 34.78173 34.79058 34.79992 

TEST NUMBER 2 CROSSFOLD NUMBER -------------------- 1 
21 1 17 18 4 22 10 20 19 11 7 6 3 16 14 12 13 9 5 8 2 15 
age.3 age DFA PPE Jitter.Abs. DFA.1 Shimmer.APQ3 age.2 age.1 Shimmer.APQ5 Jitter.DDP Jitter.PPQ5 Jitter... RPDE NHR Shimmer.APQ11 Shimmer.DDA Shimmer.dB. Jitter.RAP Shimmer test_time HNR 
55.68493 52.12064 39.99167 39.02682 38.41122 38.07776 38.04569 37.94297 36.55227 36.57603 36.5848 36.58091 36.33792 36.29954 36.19964 36.17957 36.20286 36.22597 36.24913 36.26869 36.145 36.06907 
55.59172 44.77905 43.18742 42.39754 41.70518 41.33415 41.1827 41.08039 37.8736 37.81129 37.77259 37.2468 37.18387 37.16471 37.14661 37.13501 37.13028 37.13387 37.14326 37.30289 37.52654 37.95993 

TEST NUMBER 2 CROSSFOLD NUMBER -------------------- 2 
21 19 17 22 18 4 14 15 5 8 11 6 9 20 1 3 12 16 7 10 13 2 
age.3 age.1 DFA DFA.1 PPE Jitter.Abs. NHR HNR Jitter.RAP Shimmer Shimmer.APQ5 Jitter.PPQ5 Shimmer.dB. age.2 age Jitter... Shimmer.APQ11 RPDE Jitter.DDP Shimmer.APQ3 Shimmer.DDA test_time 
56.10234 52.38058 40.14321 39.32368 39.10746 38.48455 38.1167 38.10222 38.08597 38.07516 37.80536 37.77354 37.64259 37.6418 37.66456 36.31205 36.33359 36.284 36.30589 36.32703 36.35048 36.28823 
54.76736 44.91313 42.81141 40.99178 40.84312 40.14964 39.99963 39.91026 39.76037 39.50892 39.27657 38.99229 38.94053 38.90537 35.97563 35.9411 35.87605 35.86703 35.8638 35.88069 35.87547 35.99196 

TEST NUMBER 2 CROSSFOLD NUMBER -------------------- 3 
21 1 17 18 22 8 15 20 19 4 2 9 11 6 14 10 7 3 16 13 5 12 
age.3 age DFA PPE DFA.1 Shimmer HNR age.2 age.1 Jitter.Abs. test_time Shimmer.dB. Shimmer.APQ5 Jitter.PPQ5 NHR Shimmer.APQ3 Jitter.DDP Jitter... RPDE Shimmer.DDA Jitter.RAP Shimmer.APQ11 
55.86847 52.21182 40.40428 39.4915 38.9112 38.92581 38.74003 38.71688 37.27477 37.23016 36.86992 36.86398 36.86847 36.81932 36.84248 36.8586 36.88232 36.45573 36.45771 36.47836 36.4406 36.45514 
54.66887 40.72954 39.41661 38.2038 37.46837 37.14327 36.60757 36.45098 34.83813 34.64357 34.4633 34.36679 34.33479 34.32166 34.31956 34.33845 34.30844 34.27569 34.27178 34.30726 34.36604 34.7089 

TEST NUMBER 2 CROSSFOLD NUMBER -------------------- 4 
21 1 17 22 3 7 14 15 2 4 20 19 6 5 16 12 11 9 8 10 13 18 
age.3 age DFA DFA.1 Jitter... Jitter.DDP NHR HNR test_time Jitter.Abs. age.2 age.1 Jitter.PPQ5 Jitter.RAP RPDE Shimmer.APQ11 Shimmer.APQ5 Shimmer.dB. Shimmer Shimmer.APQ3 Shimmer.DDA PPE 
56.76527 52.95169 40.63414 39.63219 39.59666 39.54829 39.56478 39.58716 39.30396 39.27583 39.27282 37.56134 36.75448 36.71275 36.73148 36.73937 36.66769 36.48916 36.42919 36.14048 36.16082 36.18406 
48.61072 38.76792 37.45425 37.2358 37.16029 37.08661 37.04276 36.92219 36.86037 36.81599 36.7707 36.00758 35.92791 35.94088 35.96046 36.06033 35.98809 36.21757 36.4596 36.5049 36.52869 36.95765 

TEST NUMBER 2 CROSSFOLD NUMBER -------------------- 5 
21 1 17 18 4 22 20 19 11 15 5 6 13 7 12 3 9 10 8 16 14 2 
age.3 age DFA PPE Jitter.Abs. DFA.1 age.2 age.1 Shimmer.APQ5 HNR Jitter.RAP Jitter.PPQ5 Shimmer.DDA Jitter.DDP Shimmer.APQ11 Jitter... Shimmer.dB. Shimmer.APQ3 Shimmer RPDE NHR test_time 
56.56759 52.90867 40.76015 39.79085 39.21488 38.86428 38.83266 37.31861 37.33803 37.22949 37.20465 37.19085 37.09979 36.90055 36.92188 36.94554 36.91746 36.94013 36.96198 36.84751 36.82862 36.75694 
49.91094 38.64918 36.24321 35.23751 34.67991 34.27363 34.18728 32.46194 32.38284 32.21933 32.06772 31.6089 31.384 31.37406 31.36628 31.36114 31.36448 31.37448 31.3981 31.40411 31.53432 31.75368 

TEST NUMBER 2 CROSSFOLD NUMBER -------------------- 6 
21 20 17 18 14 22 13 15 11 8 12 5 6 9 7 16 10 1 19 3 4 2 
age.3 age.2 DFA PPE NHR DFA.1 Shimmer.DDA HNR Shimmer.APQ5 Shimmer Shimmer.APQ11 Jitter.RAP Jitter.PPQ5 Shimmer.dB. Jitter.DDP RPDE Shimmer.APQ3 age age.1 Jitter... Jitter.Abs. test_time 
56.41338 52.77239 40.95146 39.97493 39.33396 39.16571 38.87725 38.82855 38.71526 38.72556 38.62039 38.6202 38.63343 38.64682 38.63926 38.66429 38.65773 38.68258 37.08835 36.48734 36.49106 36.41274 
49.29629 37.96427 37.60015 36.3107 35.68493 35.32861 35.21221 34.90492 34.7569 34.40594 34.33987 34.2899 34.25967 34.23423 34.23111 34.23197 34.23341 34.28789 34.15831 34.35456 34.65916 34.95493 

TEST NUMBER 2 CROSSFOLD NUMBER -------------------- 7 
21 1 17 22 2 18 4 12 20 19 7 3 16 5 14 6 15 11 10 9 13 8 
age.3 age DFA DFA.1 test_time PPE Jitter.Abs. Shimmer.APQ11 age.2 age.1 Jitter.DDP Jitter... RPDE Jitter.RAP NHR Jitter.PPQ5 HNR Shimmer.APQ5 Shimmer.APQ3 Shimmer.dB. Shimmer.DDA Shimmer 
55.78294 51.9972 40.22966 39.3492 39.31349 39.32538 38.68798 38.27739 38.22015 36.70704 36.73098 36.73133 36.67983 36.68224 36.70284 36.6588 36.61015 36.21995 36.19585 36.21933 36.24291 36.13048 
56.17565 42.20673 40.96506 39.74256 39.5624 39.42246 39.21546 39.08967 39.02029 37.29716 37.16459 37.11656 37.08892 37.07476 37.09195 37.04061 37.1353 37.36739 37.28019 37.2877 37.29772 37.80437 

TEST NUMBER 2 CROSSFOLD NUMBER -------------------- 8 
21 1 17 18 22 8 11 15 2 16 20 19 12 9 10 6 7 3 13 5 4 14 
age.3 age DFA PPE DFA.1 Shimmer Shimmer.APQ5 HNR test_time RPDE age.2 age.1 Shimmer.APQ11 Shimmer.dB. Shimmer.APQ3 Jitter.PPQ5 Jitter.DDP Jitter... Shimmer.DDA Jitter.RAP Jitter.Abs. NHR 
55.71207 52.0369 40.17425 39.26484 38.66083 38.66645 38.46677 38.23215 38.19859 38.19692 38.19143 36.76151 36.72393 36.70404 36.71686 36.74032 36.76421 36.70761 36.56753 36.59008 36.60538 36.1953 
56.46414 42.8785 41.48906 40.43752 39.72209 39.49446 39.09118 38.96293 38.83079 38.71131 38.53625 36.97067 36.8183 36.75193 36.713 36.70668 36.54712 36.39045 36.40687 36.472 36.61722 36.8535 

TEST NUMBER 2 CROSSFOLD NUMBER -------------------- 9 
21 1 17 22 18 4 9 5 6 20 19 15 14 7 16 11 3 2 12 13 10 8 
age.3 age DFA DFA.1 PPE Jitter.Abs. Shimmer.dB. Jitter.RAP Jitter.PPQ5 age.2 age.1 HNR NHR Jitter.DDP RPDE Shimmer.APQ5 Jitter... test_time Shimmer.APQ11 Shimmer.DDA Shimmer.APQ3 Shimmer 
56.40884 52.57171 40.29647 39.38935 39.34332 38.76367 38.42631 38.34485 38.35696 38.32663 36.56249 36.57032 36.51462 36.51114 36.53398 36.36847 36.30438 36.31032 36.238 36.26006 36.27853 36.16751 
52.00123 42.79834 40.36472 39.41004 38.76652 37.84557 37.37471 37.32145 37.18064 37.10611 36.51167 36.41778 36.30868 36.29464 36.29215 36.28982 36.32103 36.39997 36.51167 36.90549 36.96349 37.10239 

TEST NUMBER 2 CROSSFOLD NUMBER -------------------- 10 
21 1 17 18 4 22 14 15 2 5 20 19 6 7 3 16 9 12 10 11 13 8 
age.3 age DFA PPE Jitter.Abs. DFA.1 NHR HNR test_time Jitter.RAP age.2 age.1 Jitter.PPQ5 Jitter.DDP Jitter... RPDE Shimmer.dB. Shimmer.APQ11 Shimmer.APQ3 Shimmer.APQ5 Shimmer.DDA Shimmer 
55.60026 51.73645 40.11608 39.14273 38.54296 38.1989 38.17186 38.15711 38.14372 38.14977 38.13549 36.55102 36.56992 36.44262 36.46614 36.48571 36.10114 36.07425 36.07086 36.09434 36.09043 35.99378 
59.51894 43.59229 42.05429 41.17772 40.58859 40.22806 40.08974 39.96859 39.81912 39.68422 39.54811 38.77283 38.62818 38.61514 38.62497 38.71997 38.81398 38.68214 38.79799 38.60921 38.60716 38.61687 

TEST NUMBER 3 CROSSFOLD NUMBER -------------------- 1 
21 1 17 22 18 14 15 13 2 11 20 19 8 12 7 6 4 16 9 5 3 10 
age.3 age DFA DFA.1 PPE NHR HNR Shimmer.DDA test_time Shimmer.APQ5 age.2 age.1 Shimmer Shimmer.APQ11 Jitter.DDP Jitter.PPQ5 Jitter.Abs. RPDE Shimmer.dB. Jitter.RAP Jitter... Shimmer.APQ3 
56.086 52.39928 40.307 39.40912 39.37579 38.78608 38.60526 38.59179 38.45652 38.46196 38.45985 36.94942 36.91267 36.87434 36.87321 36.89215 36.85435 36.33083 36.34843 36.3454 36.36171 36.3578 
53.71233 41.94115 40.27332 39.20699 38.60297 38.25631 38.07142 37.73234 37.54884 37.44624 37.38019 35.81889 35.74256 35.59997 35.55848 35.3137 35.13377 35.15591 35.1732 35.21399 35.27187 35.34376 

TEST NUMBER 3 CROSSFOLD NUMBER -------------------- 2 
21 1 17 18 22 4 20 19 9 15 7 6 2 12 3 16 5 14 10 11 8 13 
age.3 age DFA PPE DFA.1 Jitter.Abs. age.2 age.1 Shimmer.dB. HNR Jitter.DDP Jitter.PPQ5 test_time Shimmer.APQ11 Jitter... RPDE Jitter.RAP NHR Shimmer.APQ3 Shimmer.APQ5 Shimmer Shimmer.DDA 
56.10931 52.6098 40.20004 39.29099 38.68933 38.69812 38.27972 36.86436 36.88651 36.76322 36.74151 36.71572 36.57076 36.54467 36.49128 36.50701 36.50748 36.52579 36.39864 36.42221 36.40612 36.32148 
51.61009 42.82774 41.26065 40.06297 39.47334 39.31282 39.13409 36.54129 36.38297 36.27398 36.13011 35.88505 35.78629 35.7087 35.68156 35.68443 35.69766 35.72772 35.82071 35.68796 35.64769 35.64439 

TEST NUMBER 3 CROSSFOLD NUMBER -------------------- 3 
21 1 17 22 18 4 12 20 19 13 5 3 2 7 14 9 11 10 16 15 8 6 
age.3 age DFA DFA.1 PPE Jitter.Abs. Shimmer.APQ11 age.2 age.1 Shimmer.DDA Jitter.RAP Jitter... test_time Jitter.DDP NHR Shimmer.dB. Shimmer.APQ5 Shimmer.APQ3 RPDE HNR Shimmer Jitter.PPQ5 
56.11338 52.50773 40.4378 39.49409 39.45916 38.85278 38.44872 38.38336 36.85607 36.87689 36.77962 36.76876 36.62689 36.58739 36.61 36.62805 36.65082 36.64836 36.66909 36.58114 36.45877 36.18845 
51.84028 39.92992 39.17351 38.45289 38.01301 37.67783 37.56605 37.49761 36.07929 36.02764 35.99511 35.67504 35.62623 35.60306 35.59157 35.58633 35.59363 35.6201 35.76218 35.94084 36.27362 36.9061 

TEST NUMBER 3 CROSSFOLD NUMBER -------------------- 4 
21 20 17 22 18 8 4 16 14 7 3 12 6 9 2 5 13 10 15 11 19 1 
age.3 age.2 DFA DFA.1 PPE Shimmer Jitter.Abs. RPDE NHR Jitter.DDP Jitter... Shimmer.APQ11 Jitter.PPQ5 Shimmer.dB. test_time Jitter.RAP Shimmer.DDA Shimmer.APQ3 HNR Shimmer.APQ5 age.1 age 
55.93923 52.13542 40.91605 39.96976 39.53277 38.95826 38.77538 38.41899 38.44388 38.46803 38.45051 38.45971 38.46532 38.41019 38.43104 38.42297 38.44565 38.36355 38.38746 38.10322 38.00088 36.53127 
56.59393 40.14593 37.83293 36.95426 36.36091 35.97649 35.76151 35.70779 35.67916 35.6489 35.53527 35.50037 35.46624 35.45069 35.4498 35.46082 35.51417 35.56865 35.9034 36.16402 36.5956 33.86523 

TEST NUMBER 3 CROSSFOLD NUMBER -------------------- 5 
21 1 17 22 18 4 20 19 5 6 14 15 13 11 8 9 12 16 10 7 3 2 
age.3 age DFA DFA.1 PPE Jitter.Abs. age.2 age.1 Jitter.RAP Jitter.PPQ5 NHR HNR Shimmer.DDA Shimmer.APQ5 Shimmer Shimmer.dB. Shimmer.APQ11 RPDE Shimmer.APQ3 Jitter.DDP Jitter... test_time 
56.15616 52.47524 40.41034 39.5443 39.53048 38.95979 38.56503 37.04737 37.0711 37.0922 37.00871 36.95359 36.97279 36.64195 36.58941 36.55122 36.55479 36.53685 36.55765 36.57448 36.57531 36.49987 
53.78806 42.95118 39.38356 38.10938 37.27314 36.91007 36.66897 34.97536 34.94482 34.47288 34.45775 34.36096 34.23567 33.99434 33.91572 33.81571 33.78034 33.7928 33.81769 33.86395 33.93233 34.19302 

TEST NUMBER 3 CROSSFOLD NUMBER -------------------- 6 
21 1 17 22 18 4 14 15 12 6 16 5 7 3 19 20 2 11 9 8 10 13 
age.3 age DFA DFA.1 PPE Jitter.Abs. NHR HNR Shimmer.APQ11 Jitter.PPQ5 RPDE Jitter.RAP Jitter.DDP Jitter... age.1 age.2 test_time Shimmer.APQ5 Shimmer.dB. Shimmer Shimmer.APQ3 Shimmer.DDA 
56.04656 52.27277 40.39129 39.5764 39.52803 38.91363 38.58205 38.55726 38.53505 38.4312 38.42437 38.43226 38.33502 38.36001 38.3715 36.84412 36.44266 36.36376 36.31998 36.34322 36.25424 36.2777 
53.9573 40.47911 39.50848 37.75796 37.43227 36.43345 36.38125 36.33489 36.2997 36.28033 36.32805 36.33614 36.33473 36.36171 36.44983 35.29919 35.50011 35.78543 35.99882 36.07792 36.10293 36.10034 

TEST NUMBER 3 CROSSFOLD NUMBER -------------------- 7 
21 1 17 18 22 13 11 8 2 20 19 12 9 16 15 7 5 10 14 6 3 4 
age.3 age DFA PPE DFA.1 Shimmer.DDA Shimmer.APQ5 Shimmer test_time age.2 age.1 Shimmer.APQ11 Shimmer.dB. RPDE HNR Jitter.DDP Jitter.RAP Shimmer.APQ3 NHR Jitter.PPQ5 Jitter... Jitter.Abs. 
56.37993 52.65351 40.66441 39.78137 39.20804 39.21621 39.05101 39.0521 38.81789 38.82747 37.3138 37.33452 37.30399 37.31965 37.30655 37.28729 37.29744 37.32127 37.34517 37.28484 36.64438 36.63328 
51.29051 38.48684 37.05834 35.68347 34.81405 34.55789 34.39468 33.96895 33.85484 33.73169 32.27675 32.15897 32.10619 32.07407 31.97654 31.97033 31.94667 31.95321 32.01093 32.15065 32.1917 33.12273 

TEST NUMBER 3 CROSSFOLD NUMBER -------------------- 8 
21 1 22 10 18 4 20 8 3 11 6 15 2 14 13 5 19 7 16 12 9 17 
age.3 age DFA.1 Shimmer.APQ3 PPE Jitter.Abs. age.2 Shimmer Jitter... Shimmer.APQ5 Jitter.PPQ5 HNR test_time NHR Shimmer.DDA Jitter.RAP age.1 Jitter.DDP RPDE Shimmer.APQ11 Shimmer.dB. DFA 
56.23566 52.37614 40.06538 39.98592 39.96493 38.93806 38.63068 36.57105 36.59302 36.57206 36.51358 36.51193 36.52351 36.51262 36.49913 36.52292 36.18301 35.63406 35.6547 35.67791 35.64677 35.62306 
53.02712 43.4734 42.60535 42.40515 42.0047 41.36426 41.24242 41.17064 41.01549 40.89882 40.82824 40.78335 40.75611 40.75186 40.75231 40.79277 40.76411 40.75733 40.84815 40.94804 41.05788 41.97173 

TEST NUMBER 3 CROSSFOLD NUMBER -------------------- 9 
21 19 17 18 4 22 10 15 14 5 6 11 8 9 20 1 3 7 12 13 16 2 
age.3 age.1 DFA PPE Jitter.Abs. DFA.1 Shimmer.APQ3 HNR NHR Jitter.RAP Jitter.PPQ5 Shimmer.APQ5 Shimmer Shimmer.dB. age.2 age Jitter... Jitter.DDP Shimmer.APQ11 Shimmer.DDA RPDE test_time 
55.85266 51.85422 40.02183 39.02909 38.41958 38.12428 37.93154 37.81885 37.74731 37.74567 37.6833 37.57425 37.58398 37.47264 37.48713 37.51131 35.84183 35.85372 35.87647 35.86105 35.88278 35.81492 
57.73297 44.72662 44.07914 42.83372 42.08277 41.84234 41.74659 41.34906 41.31412 41.15261 40.98943 40.94216 40.72181 40.61093 40.51249 40.07832 40.00765 39.99498 39.98093 39.98591 40.02338 40.1933 

TEST NUMBER 3 CROSSFOLD NUMBER -------------------- 10 
21 1 17 22 18 9 15 16 2 20 19 8 11 6 5 4 12 7 13 10 14 3 
age.3 age DFA DFA.1 PPE Shimmer.dB. HNR RPDE test_time age.2 age.1 Shimmer Shimmer.APQ5 Jitter.PPQ5 Jitter.RAP Jitter.Abs. Shimmer.APQ11 Jitter.DDP Shimmer.DDA Shimmer.APQ3 NHR Jitter... 
55.98778 52.39709 40.28544 39.34833 39.31088 38.73103 38.56653 38.53665 38.51689 38.51775 37.15805 37.07986 37.00483 36.86313 36.88426 36.89063 36.38978 36.35309 36.37328 36.39686 36.42008 36.41831 
53.60062 42.32018 40.48389 39.74876 39.06697 38.73974 38.403 38.24664 38.10807 38.0256 35.77285 35.70976 35.64612 35.63731 35.50969 34.895 34.74597 34.75507 34.76814 34.78765 34.82785 34.8707 

TEST NUMBER 4 CROSSFOLD NUMBER -------------------- 1 
21 1 17 18 9 22 11 8 20 19 2 12 10 6 5 4 16 7 3 14 13 15 
age.3 age DFA PPE Shimmer.dB. DFA.1 Shimmer.APQ5 Shimmer age.2 age.1 test_time Shimmer.APQ11 Shimmer.APQ3 Jitter.PPQ5 Jitter.RAP Jitter.Abs. RPDE Jitter.DDP Jitter... NHR Shimmer.DDA HNR 
55.55582 51.87025 40.02442 39.07278 38.46886 38.32673 38.33613 38.31596 38.11116 36.69093 36.7019 36.69042 36.67357 36.68754 36.69255 36.68908 36.23193 36.15665 36.18006 36.17629 36.16667 36.18718 
57.97637 44.4796 42.84048 42.0598 41.39933 40.96451 40.72168 40.45232 40.2837 37.94763 37.83696 37.77436 37.69543 37.69505 37.43015 36.90679 36.79543 36.7845 36.77559 36.78384 36.81644 36.85763 

TEST NUMBER 4 CROSSFOLD NUMBER -------------------- 2 
21 19 17 22 15 9 12 16 2 7 4 18 6 20 1 3 5 11 10 13 8 14 
age.3 age.1 DFA DFA.1 HNR Shimmer.dB. Shimmer.APQ11 RPDE test_time Jitter.DDP Jitter.Abs. PPE Jitter.PPQ5 age.2 age Jitter... Jitter.RAP Shimmer.APQ5 Shimmer.APQ3 Shimmer.DDA Shimmer NHR 
56.44563 52.71701 40.69896 39.74203 39.52257 39.28908 39.09083 39.09656 39.10549 39.0619 39.05123 39.05435 38.26569 38.19687 38.15637 36.50294 36.52575 36.54358 36.55445 36.39559 36.41926 36.31934 
51.27017 39.4736 37.93017 37.21943 37.15691 36.91278 36.81817 36.80427 36.79636 36.7906 36.70642 36.5868 36.29174 36.19059 35.56449 35.51112 35.53157 35.59784 35.51809 35.51442 35.58141 35.68995 

TEST NUMBER 4 CROSSFOLD NUMBER -------------------- 3 
17 16 21 1 22 10 18 4 8 9 12 13 15 14 19 20 11 6 3 2 7 5 
DFA RPDE age.3 age DFA.1 Shimmer.APQ3 PPE Jitter.Abs. Shimmer Shimmer.dB. Shimmer.APQ11 Shimmer.DDA HNR NHR age.1 age.2 Shimmer.APQ5 Jitter.PPQ5 Jitter... test_time Jitter.DDP Jitter.RAP 
56.29021 55.97648 55.09729 51.54227 39.35289 39.33249 39.34218 38.59237 38.27448 38.24312 38.26 38.17665 38.19952 38.06102 38.08561 36.53718 36.51651 36.37052 36.08321 36.0808 35.98266 35.99306 
54.2006 53.18935 52.3691 39.91765 39.1839 39.02636 38.70857 38.29618 38.22117 38.17686 38.13824 38.1566 38.18721 38.13883 38.26622 37.74726 37.84828 37.92035 37.84644 38.22209 38.79412 38.90715 

TEST NUMBER 4 CROSSFOLD NUMBER -------------------- 4 
21 1 17 18 8 20 19 4 5 6 15 14 9 7 3 10 13 12 11 2 16 22 
age.3 age DFA PPE Shimmer age.2 age.1 Jitter.Abs. Jitter.RAP Jitter.PPQ5 HNR NHR Shimmer.dB. Jitter.DDP Jitter... Shimmer.APQ3 Shimmer.DDA Shimmer.APQ11 Shimmer.APQ5 test_time RPDE DFA.1 
56.20361 52.69844 40.29314 39.2966 38.71493 38.51458 38.51521 36.99662 36.60882 36.58583 36.46105 36.35689 36.33938 36.32078 36.34437 36.35317 36.33359 36.35727 36.27905 36.19755 36.13822 36.16178 
51.542 42.751 40.51402 39.38099 39.14875 38.99861 37.18954 37.09581 37.00338 36.89304 36.80038 36.75539 36.6845 36.67545 36.6853 36.72632 36.72402 36.7317 36.80581 36.90413 36.99317 37.09384 

TEST NUMBER 4 CROSSFOLD NUMBER -------------------- 5 
21 1 17 18 22 4 15 14 2 10 16 20 19 12 6 13 11 9 8 3 5 7 
age.3 age DFA PPE DFA.1 Jitter.Abs. HNR NHR test_time Shimmer.APQ3 RPDE age.2 age.1 Shimmer.APQ11 Jitter.PPQ5 Shimmer.DDA Shimmer.APQ5 Shimmer.dB. Shimmer Jitter... Jitter.RAP Jitter.DDP 
55.91943 52.31773 40.34322 39.43518 38.82899 38.82715 38.43089 38.45074 38.39935 38.39335 38.20653 38.21471 36.73739 36.76122 36.77644 36.79961 36.8175 36.83453 36.74295 36.24986 36.24675 36.26943 
53.81872 41.40387 39.9554 38.86605 38.19687 37.76726 37.70434 37.56475 37.49164 37.43488 37.37652 37.27567 35.70142 35.65345 35.64817 35.6517 35.66609 35.76376 35.66001 35.70516 36.11668 36.10191 

TEST NUMBER 4 CROSSFOLD NUMBER -------------------- 6 
21 1 17 22 18 4 8 11 15 10 9 12 14 16 2 13 3 6 20 19 7 5 
age.3 age DFA DFA.1 PPE Jitter.Abs. Shimmer Shimmer.APQ5 HNR Shimmer.APQ3 Shimmer.dB. Shimmer.APQ11 NHR RPDE test_time Shimmer.DDA Jitter... Jitter.PPQ5 age.2 age.1 Jitter.DDP Jitter.RAP 
56.29011 52.52237 40.8855 40.06535 40.01351 39.45304 39.07683 38.95457 38.89325 38.82709 38.83259 38.83994 38.83268 38.85658 38.87031 38.85688 38.87869 38.81137 38.77637 37.36085 36.97586 36.99362 
51.49667 35.97662 35.22495 33.51775 32.69801 32.09379 31.7945 31.38676 31.12933 31.08501 31.01894 30.97167 30.94818 30.92786 30.96483 31.01993 31.08132 30.99792 31.03182 29.75144 29.79058 29.81962 

TEST NUMBER 4 CROSSFOLD NUMBER -------------------- 7 
21 1 17 22 18 2 15 14 16 3 5 4 6 7 20 19 10 11 9 8 12 13 
age.3 age DFA DFA.1 PPE test_time HNR NHR RPDE Jitter... Jitter.RAP Jitter.Abs. Jitter.PPQ5 Jitter.DDP age.2 age.1 Shimmer.APQ3 Shimmer.APQ5 Shimmer.dB. Shimmer Shimmer.APQ11 Shimmer.DDA 
55.74554 52.00236 40.11286 39.21168 39.16558 38.58118 38.59426 38.61937 38.34918 38.35794 38.37911 38.40256 38.13421 38.08388 38.10858 36.72976 36.3563 36.3796 36.30576 36.32908 36.27378 36.27718 
57.76635 44.52407 42.01 41.001 40.40253 40.22519 40.21728 40.1145 40.09427 40.09307 40.02657 40.00027 39.9315 39.92928 39.94272 36.62171 36.64787 36.31729 36.31327 36.29631 36.14868 36.14634 

TEST NUMBER 4 CROSSFOLD NUMBER -------------------- 8 
21 1 17 22 18 4 20 19 11 15 2 5 6 12 7 16 3 14 10 13 9 8 
age.3 age DFA DFA.1 PPE Jitter.Abs. age.2 age.1 Shimmer.APQ5 HNR test_time Jitter.RAP Jitter.PPQ5 Shimmer.APQ11 Jitter.DDP RPDE Jitter... NHR Shimmer.APQ3 Shimmer.DDA Shimmer.dB. Shimmer 
56.24419 52.49357 40.20949 39.35222 39.33505 38.75998 38.38466 36.88569 36.90439 36.80313 36.77253 36.76114 36.73712 36.6338 36.59871 36.61922 36.57866 36.58479 36.36294 36.38616 36.40975 36.26365 
52.54091 42.69469 41.12631 39.73587 38.94118 38.42099 38.20149 36.33677 36.19492 36.06003 35.92074 35.83976 35.44841 35.4302 35.41828 35.4493 35.48649 35.58106 35.67857 35.67545 35.68137 36.17779 

TEST NUMBER 4 CROSSFOLD NUMBER -------------------- 9 
21 1 17 22 18 4 9 15 7 6 20 19 2 12 3 10 11 8 14 13 16 5 
age.3 age DFA DFA.1 PPE Jitter.Abs. Shimmer.dB. HNR Jitter.DDP Jitter.PPQ5 age.2 age.1 test_time Shimmer.APQ11 Jitter... Shimmer.APQ3 Shimmer.APQ5 Shimmer NHR Shimmer.DDA RPDE Jitter.RAP 
56.08388 52.37185 40.25973 39.31041 39.27221 38.66288 38.27004 38.16393 38.07529 38.07614 37.99835 36.45385 36.47732 36.45156 36.39146 36.40654 36.30998 36.31469 36.22621 36.21718 36.24014 36.25525 
54.05575 43.18426 40.72886 40.12046 39.71495 39.25868 38.97014 38.77025 38.63018 38.47573 38.395 36.69465 36.5923 36.55251 36.51948 36.50525 36.28141 36.13138 36.1237 36.12318 36.1429 36.19691 

TEST NUMBER 4 CROSSFOLD NUMBER -------------------- 10 
21 1 17 18 4 12 14 7 20 19 2 3 6 5 16 15 22 10 11 8 9 13 
age.3 age DFA PPE Jitter.Abs. Shimmer.APQ11 NHR Jitter.DDP age.2 age.1 test_time Jitter... Jitter.PPQ5 Jitter.RAP RPDE HNR DFA.1 Shimmer.APQ3 Shimmer.APQ5 Shimmer Shimmer.dB. Shimmer.DDA 
56.11269 52.4177 40.18121 39.18133 38.5976 38.28106 38.22785 38.25002 38.24821 38.21284 36.54359 36.53449 36.48867 36.45011 36.46785 36.44987 36.41104 36.01757 36.04102 36.01997 35.95946 35.95956 
52.2974 42.16094 41.50159 40.36489 39.58593 39.30873 39.20931 38.92346 38.85937 38.62223 38.52649 38.52611 38.53456 38.5492 38.59607 38.65431 38.87747 39.14434 39.03116 39.01659 38.94679 38.95468 

TEST NUMBER 5 CROSSFOLD NUMBER -------------------- 1 
21 1 17 22 15 20 19 4 5 6 7 16 3 2 18 12 14 10 11 13 9 8 
age.3 age DFA DFA.1 HNR age.2 age.1 Jitter.Abs. Jitter.RAP Jitter.PPQ5 Jitter.DDP RPDE Jitter... test_time PPE Shimmer.APQ11 NHR Shimmer.APQ3 Shimmer.APQ5 Shimmer.DDA Shimmer.dB. Shimmer 
55.63016 51.80518 40.18673 39.38438 39.37024 39.1401 37.62192 37.35211 36.89557 36.91226 36.76925 36.79047 36.81445 36.83478 36.79003 36.67076 36.59278 36.16074 36.18396 36.1628 36.18467 36.04793 
58.68444 43.60544 41.28301 39.47955 39.22873 39.05447 36.3366 36.30742 36.23597 36.19397 36.17628 36.18158 36.25917 36.3629 36.66543 36.93402 37.39999 38.13066 37.94673 37.96787 38.01482 38.61588 

TEST NUMBER 5 CROSSFOLD NUMBER -------------------- 2 
21 1 2 22 18 4 9 15 16 20 19 7 3 12 8 11 13 10 6 5 17 14 
age.3 age test_time DFA.1 PPE Jitter.Abs. Shimmer.dB. HNR RPDE age.2 age.1 Jitter.DDP Jitter... Shimmer.APQ11 Shimmer Shimmer.APQ5 Shimmer.DDA Shimmer.APQ3 Jitter.PPQ5 Jitter.RAP DFA NHR 
55.60596 52.12007 40.46262 40.47481 40.38582 39.75164 39.30624 39.08233 39.08747 39.05669 37.38825 36.91247 36.87674 36.83653 36.82474 36.67744 36.6644 36.68702 36.70932 36.50299 36.51597 36.48992 
55.14155 39.23211 39.13166 39.00148 37.95627 37.5135 37.31436 37.24735 37.11342 37.06176 34.31686 34.26051 34.06976 34.00349 33.94719 33.81959 33.8201 33.85056 33.87469 33.95123 34.09581 34.29565 

TEST NUMBER 5 CROSSFOLD NUMBER -------------------- 3 
21 19 17 22 16 13 15 11 14 7 4 6 3 9 10 5 8 12 20 1 18 2 
age.3 age.1 DFA DFA.1 RPDE Shimmer.DDA HNR Shimmer.APQ5 NHR Jitter.DDP Jitter.Abs. Jitter.PPQ5 Jitter... Shimmer.dB. Shimmer.APQ3 Jitter.RAP Shimmer Shimmer.APQ11 age.2 age PPE test_time 
56.20112 52.43322 40.33314 39.34063 39.11568 39.09684 39.09298 38.58466 38.57907 38.60319 38.57068 38.58914 38.57693 38.57844 38.60344 38.62746 38.65129 38.42799 38.41858 37.62381 36.0344 35.96042 
52.96486 42.93272 41.20603 40.79476 40.70502 40.60621 40.28568 40.2101 40.17768 39.91876 39.88669 39.81054 39.78065 39.78157 39.78787 39.79997 39.86876 39.75899 39.84474 38.77063 38.62615 38.86341 

TEST NUMBER 5 CROSSFOLD NUMBER -------------------- 4 
21 1 17 18 8 4 22 15 5 10 12 20 19 2 6 14 9 16 3 7 13 11 
age.3 age DFA PPE Shimmer Jitter.Abs. DFA.1 HNR Jitter.RAP Shimmer.APQ3 Shimmer.APQ11 age.2 age.1 test_time Jitter.PPQ5 NHR Shimmer.dB. RPDE Jitter... Jitter.DDP Shimmer.DDA Shimmer.APQ5 
56.5728 52.84755 40.50233 39.55533 38.94357 38.77645 38.49312 38.44994 38.3261 38.31738 38.32283 38.26905 36.68917 36.70847 36.69235 36.43367 36.43204 36.43172 36.45057 36.44837 36.46709 36.37824 
50.63115 41.21691 38.55182 37.78391 37.1625 36.71042 36.28009 36.12972 36.02056 35.84293 35.70754 35.59882 35.22003 35.09732 35.05321 35.01753 34.9896 34.98495 34.99184 35.00494 35.06977 35.14049 

TEST NUMBER 5 CROSSFOLD NUMBER -------------------- 5 
21 1 17 18 22 4 8 11 15 5 6 20 19 12 9 2 7 16 3 14 13 10 
age.3 age DFA PPE DFA.1 Jitter.Abs. Shimmer Shimmer.APQ5 HNR Jitter.RAP Jitter.PPQ5 age.2 age.1 Shimmer.APQ11 Shimmer.dB. test_time Jitter.DDP RPDE Jitter... NHR Shimmer.DDA Shimmer.APQ3 
56.03025 52.38641 40.55173 39.63611 39.07842 39.07639 38.65457 38.50476 38.45251 38.39206 38.37673 38.25744 36.71478 36.73873 36.6964 36.71406 36.67828 36.7022 36.68393 36.68837 36.70244 36.71845 
53.76349 39.92273 38.09158 36.70423 35.98901 35.79507 35.72611 35.26584 34.97613 34.86695 34.39401 34.30133 32.38832 32.13739 32.06394 32.00029 31.99856 32.00262 32.00191 32.02012 32.1269 32.23227 

TEST NUMBER 5 CROSSFOLD NUMBER -------------------- 6 
21 1 17 22 18 4 2 20 19 5 6 14 15 13 9 3 8 10 7 16 12 11 
age.3 age DFA DFA.1 PPE Jitter.Abs. test_time age.2 age.1 Jitter.RAP Jitter.PPQ5 NHR HNR Shimmer.DDA Shimmer.dB. Jitter... Shimmer Shimmer.APQ3 Jitter.DDP RPDE Shimmer.APQ11 Shimmer.APQ5 
56.1653 52.56133 39.87339 38.97757 38.94095 38.37749 38.01293 38.02652 36.45702 36.47918 36.49892 36.40517 36.34866 36.36675 36.05558 36.05885 36.05429 36.07404 36.09646 36.11393 36.0267 35.93223 
52.59273 46.4078 44.21244 43.14851 42.30248 41.61706 41.47628 41.39667 39.9613 39.92472 39.47152 39.40832 39.29387 39.02336 38.95424 38.86245 38.84196 38.84739 38.88333 38.96647 39.0871 39.23916 

TEST NUMBER 5 CROSSFOLD NUMBER -------------------- 7 
21 1 17 22 18 4 8 20 19 5 6 10 9 15 14 7 16 13 2 3 12 11 
age.3 age DFA DFA.1 PPE Jitter.Abs. Shimmer age.2 age.1 Jitter.RAP Jitter.PPQ5 Shimmer.APQ3 Shimmer.dB. HNR NHR Jitter.DDP RPDE Shimmer.DDA test_time Jitter... Shimmer.APQ11 Shimmer.APQ5 
55.86006 52.03441 39.85993 39.09324 39.07328 38.5403 38.20069 38.09531 36.4788 36.50123 36.47041 36.37823 36.39644 36.41055 36.2982 36.25634 36.27838 36.30077 36.19184 36.15089 36.14033 36.03412 
56.86636 46.2146 44.19688 42.12311 40.94869 40.09184 39.66543 39.44103 38.47788 38.38147 37.85281 37.77258 37.73761 37.71293 37.66786 37.65883 37.66433 37.67133 37.67849 37.78054 38.02759 38.27325 

TEST NUMBER 5 CROSSFOLD NUMBER -------------------- 8 
21 1 17 18 22 14 10 11 2 20 19 16 9 12 13 5 7 15 3 6 8 4 
age.3 age DFA PPE DFA.1 NHR Shimmer.APQ3 Shimmer.APQ5 test_time age.2 age.1 RPDE Shimmer.dB. Shimmer.APQ11 Shimmer.DDA Jitter.RAP Jitter.DDP HNR Jitter... Jitter.PPQ5 Shimmer Jitter.Abs. 
56.12889 52.35907 40.46246 39.55469 38.98895 38.99217 38.82938 38.78979 38.78535 38.78868 37.12379 37.14638 37.06818 37.09232 37.11558 37.13969 37.16294 37.18558 37.04139 36.81089 36.8213 36.34885 
53.74956 39.91722 38.91854 37.62772 36.79228 36.30001 36.1379 35.90934 35.80671 35.73038 34.60489 34.57701 34.55792 34.55827 34.5601 34.5726 34.55659 34.61095 34.62182 34.55506 34.76103 35.62961 

TEST NUMBER 5 CROSSFOLD NUMBER -------------------- 9 
21 1 17 18 14 8 11 22 15 16 2 7 6 20 19 12 13 9 10 5 4 3 
age.3 age DFA PPE NHR Shimmer Shimmer.APQ5 DFA.1 HNR RPDE test_time Jitter.DDP Jitter.PPQ5 age.2 age.1 Shimmer.APQ11 Shimmer.DDA Shimmer.dB. Shimmer.APQ3 Jitter.RAP Jitter.Abs. Jitter... 
56.17996 52.46035 40.39167 39.40958 38.77073 38.60302 38.55757 38.36945 38.35157 38.2959 38.29881 38.28644 38.30248 38.31915 36.8331 36.79976 36.7794 36.8027 36.79901 36.80795 36.17776 36.154 
52.00117 40.4739 39.62062 39.0878 38.45442 38.23164 37.86433 37.73342 37.47449 37.35791 37.31033 37.28103 37.23551 37.22125 36.20924 36.14251 36.14047 36.14315 36.14904 36.29358 36.96558 37.25365 

TEST NUMBER 5 CROSSFOLD NUMBER -------------------- 10 
21 1 17 10 15 11 8 12 5 14 20 19 3 6 4 18 7 13 9 2 22 16 
age.3 age DFA Shimmer.APQ3 HNR Shimmer.APQ5 Shimmer Shimmer.APQ11 Jitter.RAP NHR age.2 age.1 Jitter... Jitter.PPQ5 Jitter.Abs. PPE Jitter.DDP Shimmer.DDA Shimmer.dB. test_time DFA.1 RPDE 
56.52233 52.66441 40.73989 39.67915 39.70155 39.1607 39.16258 39.11162 39.11141 39.03808 39.03275 38.98854 37.42336 37.41329 37.37296 37.28316 36.55868 36.58251 36.6063 36.59084 36.53184 36.55337 
51.01119 37.6259 36.51345 36.36239 36.01735 35.92312 35.83843 35.70751 35.57333 35.39298 35.36957 33.54965 33.45445 33.41238 33.34622 33.333 33.33088 33.32876 33.34847 33.40049 33.60518 33.69386 

TEST NUMBER 6 CROSSFOLD NUMBER -------------------- 1 
21 20 17 18 13 4 15 2 5 14 6 7 9 11 12 3 10 16 8 1 19 22 
age.3 age.2 DFA PPE Shimmer.DDA Jitter.Abs. HNR test_time Jitter.RAP NHR Jitter.PPQ5 Jitter.DDP Shimmer.dB. Shimmer.APQ5 Shimmer.APQ11 Jitter... Shimmer.APQ3 RPDE Shimmer age age.1 DFA.1 
56.09729 52.28113 40.36747 39.22547 38.56433 38.45078 38.20288 38.11109 38.12972 38.13929 38.05218 37.98434 38.00904 38.03336 38.02037 38.03536 38.05952 38.08239 38.10566 37.94166 37.46241 35.69558 
54.5185 44.14379 42.87095 41.73719 41.18827 40.84592 40.71755 40.62143 40.60577 40.51075 40.4715 40.46921 40.46708 40.45978 40.44284 40.44924 40.48695 40.57249 40.92798 41.44933 40.98038 41.43586 

TEST NUMBER 6 CROSSFOLD NUMBER -------------------- 2 
21 1 17 22 18 14 20 19 8 11 5 3 12 6 2 9 16 13 7 10 15 4 
age.3 age DFA DFA.1 PPE NHR age.2 age.1 Shimmer Shimmer.APQ5 Jitter.RAP Jitter... Shimmer.APQ11 Jitter.PPQ5 test_time Shimmer.dB. RPDE Shimmer.DDA Jitter.DDP Shimmer.APQ3 HNR Jitter.Abs. 
56.28292 52.70561 40.40206 39.56296 39.53676 38.92279 38.72071 37.2869 37.30974 37.22132 37.05481 37.07834 36.99343 36.91045 36.91853 36.87593 36.86208 36.82468 36.82959 36.8486 36.87105 36.4603 
51.29716 41.68191 39.35627 37.84429 37.43811 37.28379 37.21055 35.24218 35.17275 34.79869 34.7645 34.32916 34.27423 34.21499 34.19152 34.17965 34.18235 34.19415 34.20972 34.23001 34.24747 34.37151 

TEST NUMBER 6 CROSSFOLD NUMBER -------------------- 3 
21 1 17 22 18 4 20 19 2 10 5 6 11 7 16 12 8 9 13 14 3 15 
age.3 age DFA DFA.1 PPE Jitter.Abs. age.2 age.1 test_time Shimmer.APQ3 Jitter.RAP Jitter.PPQ5 Shimmer.APQ5 Jitter.DDP RPDE Shimmer.APQ11 Shimmer Shimmer.dB. Shimmer.DDA NHR Jitter... HNR 
56.19478 52.42102 40.59029 39.73203 39.70661 39.1158 38.73162 37.18529 37.20893 37.20317 37.05361 37.04075 36.87335 36.79311 36.8144 36.7025 36.72455 36.6076 36.62629 36.65008 36.62291 36.62032 
53.7577 40.27571 37.69355 36.34181 35.74079 35.27082 35.09715 33.66775 33.48359 33.37507 33.29864 33.06447 32.80292 32.7906 32.78632 32.78495 32.76636 32.71889 32.72399 32.78196 32.84531 33.00771 

TEST NUMBER 6 CROSSFOLD NUMBER -------------------- 4 
17 21 20 22 15 8 11 16 10 7 14 4 18 6 5 3 9 12 13 1 19 2 
DFA age.3 age.2 DFA.1 HNR Shimmer Shimmer.APQ5 RPDE Shimmer.APQ3 Jitter.DDP NHR Jitter.Abs. PPE Jitter.PPQ5 Jitter.RAP Jitter... Shimmer.dB. Shimmer.APQ11 Shimmer.DDA age age.1 test_time 
56.75334 56.38843 52.62749 40.01522 39.56611 39.33185 39.0953 38.9941 39.00429 39.01613 38.95228 38.96565 38.98164 38.21384 38.09858 38.12173 38.13587 38.12731 38.10866 38.13081 36.43178 36.31648 
50.08635 48.40943 36.88682 36.51351 36.43685 35.72795 35.62945 35.6551 35.67211 35.68781 35.38051 35.36044 35.09192 34.92458 34.94102 34.9597 34.98019 35.03422 35.13492 35.574 35.20409 35.91931 

TEST NUMBER 6 CROSSFOLD NUMBER -------------------- 5 
21 1 17 22 20 19 8 11 9 2 12 13 6 10 14 15 4 7 16 3 5 18 
age.3 age DFA DFA.1 age.2 age.1 Shimmer Shimmer.APQ5 Shimmer.dB. test_time Shimmer.APQ11 Shimmer.DDA Jitter.PPQ5 Shimmer.APQ3 NHR HNR Jitter.Abs. Jitter.DDP RPDE Jitter... Jitter.RAP PPE 
55.69907 51.89028 40.2569 39.33101 39.30221 37.52922 37.16089 36.91824 36.70233 36.71542 36.68617 36.66496 36.6823 36.68692 36.70808 36.72357 36.71532 36.55485 36.10921 36.12981 36.14393 36.16039 
58.57044 42.88204 40.77016 39.95204 39.82056 37.47655 37.39521 37.21829 37.0379 37.07759 37.12837 37.1658 37.14058 37.17393 37.22044 37.23313 37.16983 37.09845 37.09908 37.11317 37.14946 37.19657 

TEST NUMBER 6 CROSSFOLD NUMBER -------------------- 6 
21 1 17 18 22 14 20 19 4 13 2 12 8 7 3 16 6 9 15 5 10 11 
age.3 age DFA PPE DFA.1 NHR age.2 age.1 Jitter.Abs. Shimmer.DDA test_time Shimmer.APQ11 Shimmer Jitter.DDP Jitter... RPDE Jitter.PPQ5 Shimmer.dB. HNR Jitter.RAP Shimmer.APQ3 Shimmer.APQ5 
56.34911 52.60652 40.26001 39.33489 38.7271 38.73629 38.54724 37.11502 37.13064 36.87822 36.77056 36.76083 36.77126 36.71589 36.66503 36.56846 36.49674 36.33493 36.31465 36.21104 36.22214 36.23522 
52.57245 42.45439 40.74713 39.85721 39.13419 38.85393 38.76145 36.76291 36.47736 36.2511 36.1533 36.09684 35.9858 35.96673 35.89237 35.84805 35.79779 35.87075 35.98016 36.08977 36.22906 36.44827 

TEST NUMBER 6 CROSSFOLD NUMBER -------------------- 7 
21 1 2 20 19 6 5 18 3 14 7 9 12 8 10 13 11 15 16 4 17 22 
age.3 age test_time age.2 age.1 Jitter.PPQ5 Jitter.RAP PPE Jitter... NHR Jitter.DDP Shimmer.dB. Shimmer.APQ11 Shimmer Shimmer.APQ3 Shimmer.DDA Shimmer.APQ5 HNR RPDE Jitter.Abs. DFA DFA.1 
55.49353 51.90139 40.22166 40.22725 40.14109 37.98033 37.95799 37.98092 37.71686 37.63165 37.43362 37.4483 37.26669 37.17884 36.98261 37.00362 37.02739 36.90993 36.93116 36.89403 36.48957 36.0403 
55.32584 40.36483 40.28281 40.2033 37.64759 37.71701 37.68914 37.71443 37.66157 37.71244 37.8231 37.95847 37.74319 37.71904 37.72048 37.71707 37.73134 37.96272 38.06662 38.22642 38.40673 38.28773 

TEST NUMBER 6 CROSSFOLD NUMBER -------------------- 8 
21 1 17 22 18 8 11 20 19 2 4 5 6 12 9 7 13 10 14 3 15 16 
age.3 age DFA DFA.1 PPE Shimmer Shimmer.APQ5 age.2 age.1 test_time Jitter.Abs. Jitter.RAP Jitter.PPQ5 Shimmer.APQ11 Shimmer.dB. Jitter.DDP Shimmer.DDA Shimmer.APQ3 NHR Jitter... HNR RPDE 
55.6506 52.01713 39.89843 39.02968 39.01267 38.4423 38.28468 38.09084 36.65307 36.67683 36.68381 36.46518 36.42029 36.15623 36.10369 36.12493 36.14691 36.16676 36.19008 36.19212 36.17742 36.09548 
57.46762 46.40368 43.90573 42.629 41.80503 41.24966 40.52529 40.35552 38.29233 38.04968 37.9177 37.7904 37.52283 37.38179 37.35138 37.33261 37.322 37.34867 37.38281 37.43794 37.62233 37.81422 

TEST NUMBER 6 CROSSFOLD NUMBER -------------------- 9 
21 1 17 18 22 4 15 12 5 6 16 14 8 11 9 3 10 13 7 2 19 20 
age.3 age DFA PPE DFA.1 Jitter.Abs. HNR Shimmer.APQ11 Jitter.RAP Jitter.PPQ5 RPDE NHR Shimmer Shimmer.APQ5 Shimmer.dB. Jitter... Shimmer.APQ3 Shimmer.DDA Jitter.DDP test_time age.1 age.2 
56.10344 52.36611 40.28711 39.48583 38.99188 38.98232 38.6388 38.65736 38.50285 38.49837 38.48616 38.50801 38.42112 38.19191 38.12468 38.12772 38.14907 38.14317 38.16502 38.18683 38.15857 36.41115 
53.41288 41.70963 40.40671 38.2166 36.84669 35.98018 35.92031 35.84702 35.81427 35.6612 35.66166 35.66701 35.69643 35.40475 35.3716 35.3815 35.39395 35.4257 35.50398 35.59771 35.70742 35.00754 

TEST NUMBER 6 CROSSFOLD NUMBER -------------------- 10 
21 1 17 18 22 4 9 15 14 3 6 5 20 19 10 11 7 13 12 16 2 8 
age.3 age DFA PPE DFA.1 Jitter.Abs. Shimmer.dB. HNR NHR Jitter... Jitter.PPQ5 Jitter.RAP age.2 age.1 Shimmer.APQ3 Shimmer.APQ5 Jitter.DDP Shimmer.DDA Shimmer.APQ11 RPDE test_time Shimmer 
56.27694 52.67475 40.61288 39.70506 39.08158 39.08136 38.68896 38.57215 38.48481 38.50063 38.46974 38.46587 38.40709 36.89996 36.92063 36.81094 36.75731 36.78122 36.80515 36.82851 36.66943 36.59059 
50.02218 38.7613 37.53715 36.50443 35.93182 35.48094 35.28465 35.06869 35.01346 34.89106 34.71406 34.58164 34.482 32.74159 32.48357 32.4636 32.45679 32.45372 32.45643 32.47992 32.82255 33.59674 

TEST NUMBER 7 CROSSFOLD NUMBER -------------------- 1 
21 1 17 22 18 4 8 15 13 9 2 16 20 19 3 7 6 11 10 14 5 12 
age.3 age DFA DFA.1 PPE Jitter.Abs. Shimmer HNR Shimmer.DDA Shimmer.dB. test_time RPDE age.2 age.1 Jitter... Jitter.DDP Jitter.PPQ5 Shimmer.APQ5 Shimmer.APQ3 NHR Jitter.RAP Shimmer.APQ11 
55.77587 52.01886 40.10767 39.23602 39.19023 38.59986 38.22929 38.10272 37.98243 37.99558 38.00155 37.9945 38.00115 36.51525 36.52171 36.51385 36.34724 36.27645 36.1419 36.16544 36.14889 36.16691 
55.72782 43.28525 42.05914 40.7656 40.21019 39.5524 39.29025 39.1044 39.04243 38.98332 38.95265 38.9318 38.906 37.66628 37.65018 37.39082 37.00837 36.93707 36.93459 36.93662 36.95622 37.28572 

TEST NUMBER 7 CROSSFOLD NUMBER -------------------- 2 
21 1 17 18 9 11 20 19 16 15 14 5 3 12 22 13 6 7 2 10 8 4 
age.3 age DFA PPE Shimmer.dB. Shimmer.APQ5 age.2 age.1 RPDE HNR NHR Jitter.RAP Jitter... Shimmer.APQ11 DFA.1 Shimmer.DDA Jitter.PPQ5 Jitter.DDP test_time Shimmer.APQ3 Shimmer Jitter.Abs. 
56.56259 52.78566 40.89706 39.85088 39.24934 39.09179 39.06029 39.06605 37.58398 37.59737 37.60819 37.56781 37.59225 37.5501 37.46821 37.25896 37.27884 37.28902 37.31163 37.24246 37.15377 36.74475 
50.37482 36.69501 35.06224 34.31642 34.01087 33.88103 33.76742 32.20923 32.11942 32.08228 32.05973 32.00569 31.81759 31.72738 31.70074 31.68517 31.58165 31.56967 31.60494 31.64657 31.79004 31.94863 

TEST NUMBER 7 CROSSFOLD NUMBER -------------------- 3 
21 19 17 22 15 13 11 8 9 12 16 4 14 20 1 7 6 3 5 10 18 2 
age.3 age.1 DFA DFA.1 HNR Shimmer.DDA Shimmer.APQ5 Shimmer Shimmer.dB. Shimmer.APQ11 RPDE Jitter.Abs. NHR age.2 age Jitter.DDP Jitter.PPQ5 Jitter... Jitter.RAP Shimmer.APQ3 PPE test_time 
55.97071 52.26432 40.41791 39.56848 39.34953 39.13947 38.82395 38.83604 38.77129 38.70468 38.68881 38.69712 38.71904 38.74419 37.96357 36.51427 36.41546 36.1603 36.16102 36.17908 36.19618 36.09966 
54.34762 41.86775 40.39342 38.78429 38.48941 38.44886 38.29167 38.19743 38.10647 38.0153 38.01122 38.0004 37.98636 38.00551 36.89404 36.9028 36.61063 36.61936 36.64845 36.71426 37.2478 37.75003 

TEST NUMBER 7 CROSSFOLD NUMBER -------------------- 4 
21 1 17 22 18 9 15 20 19 14 8 11 3 16 6 4 13 12 10 2 5 7 
age.3 age DFA DFA.1 PPE Shimmer.dB. HNR age.2 age.1 NHR Shimmer Shimmer.APQ5 Jitter... RPDE Jitter.PPQ5 Jitter.Abs. Shimmer.DDA Shimmer.APQ11 Shimmer.APQ3 test_time Jitter.RAP Jitter.DDP 
56.10857 52.58293 40.53429 39.71922 39.70834 39.12144 38.97114 38.93078 37.49571 37.47239 37.42458 37.34263 37.19934 37.22252 37.22695 37.24478 36.97566 36.95194 36.97602 36.57933 36.50832 36.53204 
52.30967 40.11143 38.19946 36.48551 35.76593 35.32109 35.05027 34.90807 33.24163 33.16271 33.14643 33.06856 33.07163 33.09354 33.18727 33.2331 33.22336 33.22539 33.22708 33.39197 33.86881 33.86473 

TEST NUMBER 7 CROSSFOLD NUMBER -------------------- 5 
21 1 17 18 4 10 20 19 2 3 6 8 13 15 9 11 16 7 5 14 22 12 
age.3 age DFA PPE Jitter.Abs. Shimmer.APQ3 age.2 age.1 test_time Jitter... Jitter.PPQ5 Shimmer Shimmer.DDA HNR Shimmer.dB. Shimmer.APQ5 RPDE Jitter.DDP Jitter.RAP NHR DFA.1 Shimmer.APQ11 
56.09437 52.33444 39.84252 38.83172 38.21939 37.89401 37.80539 37.77145 36.07901 36.08373 36.10337 36.1149 36.13153 36.15474 36.06817 36.06791 35.97817 35.98899 35.62031 35.63335 35.60279 35.55994 
53.86484 45.79867 44.5632 43.70154 42.93935 42.66585 42.49329 41.88414 41.68975 41.59909 41.56757 41.56764 41.57066 41.57161 41.59366 41.64436 41.77711 41.87904 41.93492 42.03735 42.22952 42.88264 

TEST NUMBER 7 CROSSFOLD NUMBER -------------------- 6 
21 1 10 18 17 4 15 7 6 11 8 12 2 13 5 9 20 19 3 14 16 22 
age.3 age Shimmer.APQ3 PPE DFA Jitter.Abs. HNR Jitter.DDP Jitter.PPQ5 Shimmer.APQ5 Shimmer Shimmer.APQ11 test_time Shimmer.DDA Jitter.RAP Shimmer.dB. age.2 age.1 Jitter... NHR RPDE DFA.1 
55.99142 52.41271 40.41796 40.39659 39.39497 38.62229 38.32199 38.23056 38.24398 38.14093 38.16262 38.03666 38.03514 38.0309 38.05564 38.07753 38.08971 37.97262 36.37667 36.37898 36.36204 36.38459 
52.13585 39.63372 39.31899 38.9767 38.23038 37.85564 37.74266 37.66864 37.56686 37.49298 37.04668 36.95275 36.9006 36.89692 36.90728 36.92499 36.96052 34.69797 34.62992 34.79569 34.98694 35.18059 

TEST NUMBER 7 CROSSFOLD NUMBER -------------------- 7 
21 19 17 18 22 3 2 5 15 12 4 6 7 16 20 1 10 11 13 8 9 14 
age.3 age.1 DFA PPE DFA.1 Jitter... test_time Jitter.RAP HNR Shimmer.APQ11 Jitter.Abs. Jitter.PPQ5 Jitter.DDP RPDE age.2 age Shimmer.APQ3 Shimmer.APQ5 Shimmer.DDA Shimmer Shimmer.dB. NHR 
55.92557 52.26722 40.5731 39.60751 38.99293 38.86555 38.7315 38.73366 38.75346 38.77842 38.74421 38.3307 38.30452 38.32917 38.35388 38.23501 36.78459 36.41057 36.39093 36.41465 36.35128 36.35065 
54.53282 40.73512 39.05995 38.08609 37.42588 37.28811 37.17302 37.10822 37.08356 36.9371 36.80031 36.79274 36.80236 36.85316 36.90343 35.32264 35.41234 35.31736 35.31495 35.33049 35.26713 35.36937 

TEST NUMBER 7 CROSSFOLD NUMBER -------------------- 8 
21 1 17 22 18 4 20 19 10 2 15 5 3 11 14 9 7 13 16 12 6 8 
age.3 age DFA DFA.1 PPE Jitter.Abs. age.2 age.1 Shimmer.APQ3 test_time HNR Jitter.RAP Jitter... Shimmer.APQ5 NHR Shimmer.dB. Jitter.DDP Shimmer.DDA RPDE Shimmer.APQ11 Jitter.PPQ5 Shimmer 
55.92351 52.05416 40.34614 39.41327 39.38102 38.76983 38.47522 37.0173 37.04044 36.90883 36.90778 36.85302 36.83499 36.72585 36.71269 36.71115 36.73404 36.75573 36.7797 36.80343 36.68628 36.46922 
56.47785 41.28358 39.94855 39.16629 38.76865 37.60713 37.44293 35.21762 34.88833 34.7237 34.61947 34.5247 34.23846 34.10601 34.06404 34.03608 34.02554 34.02542 34.02644 34.03027 34.08949 34.4219 

TEST NUMBER 7 CROSSFOLD NUMBER -------------------- 9 
21 1 17 18 4 22 20 19 14 7 15 2 3 16 5 6 12 13 11 9 10 8 
age.3 age DFA PPE Jitter.Abs. DFA.1 age.2 age.1 NHR Jitter.DDP HNR test_time Jitter... RPDE Jitter.RAP Jitter.PPQ5 Shimmer.APQ11 Shimmer.DDA Shimmer.APQ5 Shimmer.dB. Shimmer.APQ3 Shimmer 
56.10609 52.37024 39.9468 38.99424 38.41942 38.09442 38.08159 36.5991 36.62261 36.61928 36.59232 36.611 36.58086 36.54414 36.19054 36.20702 36.06365 36.02325 36.00173 36.02273 36.04608 35.93971 
55.02084 46.10705 43.54318 42.45082 41.7065 41.20292 40.96602 38.95846 38.88586 38.77813 38.7327 38.70189 38.67998 38.71268 38.74829 38.87878 39.12735 39.02011 38.92869 38.93378 38.95309 39.05256 

TEST NUMBER 7 CROSSFOLD NUMBER -------------------- 10 
21 19 17 22 18 14 8 11 9 15 5 2 6 4 13 12 16 3 10 7 20 1 
age.3 age.1 DFA DFA.1 PPE NHR Shimmer Shimmer.APQ5 Shimmer.dB. HNR Jitter.RAP test_time Jitter.PPQ5 Jitter.Abs. Shimmer.DDA Shimmer.APQ11 RPDE Jitter... Shimmer.APQ3 Jitter.DDP age.2 age 
56.44182 52.58627 40.53682 39.68263 39.46307 38.88389 38.73026 38.6687 38.45223 38.47043 38.37294 38.38815 38.37187 38.38139 37.91039 37.935 37.94754 37.97208 37.99434 38.01902 38.04267 36.42106 
52.3446 41.71022 39.27159 37.74898 37.26333 36.70778 36.6067 36.42864 36.3892 36.31605 36.22198 36.17627 36.13853 36.11132 36.09929 36.05056 36.02789 36.0203 36.02018 36.02607 36.14649 34.76694 

TEST NUMBER 8 CROSSFOLD NUMBER -------------------- 1 
21 1 17 22 18 14 15 2 8 4 5 13 12 3 10 7 11 9 16 6 19 20 
age.3 age DFA DFA.1 PPE NHR HNR test_time Shimmer Jitter.Abs. Jitter.RAP Shimmer.DDA Shimmer.APQ11 Jitter... Shimmer.APQ3 Jitter.DDP Shimmer.APQ5 Shimmer.dB. RPDE Jitter.PPQ5 age.1 age.2 
56.1729 52.57483 40.43517 39.52066 39.46784 38.88635 38.70598 38.68961 38.69507 38.52403 38.24604 38.17435 38.18542 38.15774 38.17828 38.20317 38.22714 38.19557 38.17906 38.19417 38.05837 36.35548 
51.53047 40.10364 39.17051 38.21697 37.61291 37.25349 37.09648 36.93191 36.77781 36.65004 36.38502 36.29978 36.17588 36.1723 36.1725 36.17248 36.186 36.21468 36.24958 36.30094 36.50268 35.38566 

TEST NUMBER 8 CROSSFOLD NUMBER -------------------- 2 
21 1 8 18 20 19 2 16 12 10 5 6 4 7 15 13 9 14 17 22 3 11 
age.3 age Shimmer PPE age.2 age.1 test_time RPDE Shimmer.APQ11 Shimmer.APQ3 Jitter.RAP Jitter.PPQ5 Jitter.Abs. Jitter.DDP HNR Shimmer.DDA Shimmer.dB. NHR DFA DFA.1 Jitter... Shimmer.APQ5 
55.79762 52.23758 40.53423 40.53948 39.42117 39.39274 37.68889 37.6887 37.66423 37.48039 37.50082 37.52056 37.53867 37.02502 37.04643 37.0195 37.04077 37.05551 37.04165 36.68656 36.57905 36.56181 
53.43694 38.72461 38.22053 37.96442 37.84911 34.64875 34.50316 34.44421 34.40413 34.31972 34.30122 34.17873 33.63648 33.60723 33.59412 33.60659 33.66524 33.72271 33.82928 33.22674 33.42775 33.67636 

TEST NUMBER 8 CROSSFOLD NUMBER -------------------- 3 
21 19 17 22 18 4 8 11 13 5 16 14 12 7 10 9 2 3 6 20 1 15 
age.3 age.1 DFA DFA.1 PPE Jitter.Abs. Shimmer Shimmer.APQ5 Shimmer.DDA Jitter.RAP RPDE NHR Shimmer.APQ11 Jitter.DDP Shimmer.APQ3 Shimmer.dB. test_time Jitter... Jitter.PPQ5 age.2 age HNR 
56.10026 52.23082 40.15488 39.22332 38.99999 38.43296 38.04298 37.90696 37.84371 37.84853 37.82366 37.84714 37.85816 37.83974 37.86348 37.88799 37.89353 37.89065 37.89351 37.78638 37.517 36.03043 
55.31475 44.9159 42.79426 41.87401 41.21894 40.69695 40.47676 40.11371 40.01913 39.96944 39.86794 39.81645 39.77903 39.7774 39.77606 39.78622 39.79952 39.86682 39.9738 40.21884 37.75221 38.31099 

TEST NUMBER 8 CROSSFOLD NUMBER -------------------- 4 
21 1 10 18 17 4 20 19 22 11 2 6 5 3 16 7 9 13 14 8 15 12 
age.3 age Shimmer.APQ3 PPE DFA Jitter.Abs. age.2 age.1 DFA.1 Shimmer.APQ5 test_time Jitter.PPQ5 Jitter.RAP Jitter... RPDE Jitter.DDP Shimmer.dB. Shimmer.DDA NHR Shimmer HNR Shimmer.APQ11 
56.38063 52.58 40.59894 40.60384 39.72532 39.01229 38.74945 38.724 37.03994 37.06384 37.07359 37.05162 37.07574 36.79874 36.74808 36.65045 36.67013 36.69404 36.71743 36.68707 36.6255 36.55813 
50.75284 38.53277 37.66285 37.07468 35.21507 34.57945 34.29986 33.83087 33.56581 33.48745 33.45046 33.44907 32.84692 32.80162 32.78001 32.77949 32.78355 32.80353 32.83997 32.93285 33.14767 34.2224 

TEST NUMBER 8 CROSSFOLD NUMBER -------------------- 5 
21 1 17 18 4 22 15 6 7 20 19 3 16 2 14 5 12 11 8 9 10 13 
age.3 age DFA PPE Jitter.Abs. DFA.1 HNR Jitter.PPQ5 Jitter.DDP age.2 age.1 Jitter... RPDE test_time NHR Jitter.RAP Shimmer.APQ11 Shimmer.APQ5 Shimmer Shimmer.dB. Shimmer.APQ3 Shimmer.DDA 
55.80672 51.98361 40.11128 39.1108 38.47693 38.11249 38.06993 38.09061 38.10379 38.08472 36.53649 36.55745 36.57565 36.50441 36.46442 36.0387 36.0519 36.00199 35.97163 35.91079 35.91395 35.93722 
56.69476 43.27982 42.10986 41.53191 41.1848 40.97823 40.91151 40.91039 40.70253 40.67476 38.62676 38.59322 38.58916 38.61206 38.67618 38.757 39.02873 39.14784 39.11903 39.01903 39.02739 39.02406 

TEST NUMBER 8 CROSSFOLD NUMBER -------------------- 6 
21 1 17 22 18 8 15 4 9 20 19 12 10 5 6 7 13 16 3 11 14 2 
age.3 age DFA DFA.1 PPE Shimmer HNR Jitter.Abs. Shimmer.dB. age.2 age.1 Shimmer.APQ11 Shimmer.APQ3 Jitter.RAP Jitter.PPQ5 Jitter.DDP Shimmer.DDA RPDE Jitter... Shimmer.APQ5 NHR test_time 
55.73867 52.09149 40.17211 39.3044 39.25908 38.71509 38.55765 38.50088 38.11722 38.1355 36.67338 36.67728 36.67142 36.6749 36.62448 36.41523 36.43522 36.45761 36.4227 36.4251 36.33131 36.25267 
56.51281 43.26657 41.4813 40.17516 39.217 38.64129 38.29903 37.97242 37.9136 37.88268 36.302 36.13999 36.03971 35.99294 35.64175 35.63812 35.64116 35.64976 35.69151 35.85145 36.05244 36.3407 

TEST NUMBER 8 CROSSFOLD NUMBER -------------------- 7 
21 1 17 22 18 4 20 19 2 7 14 6 13 15 3 9 8 11 10 12 5 16 
age.3 age DFA DFA.1 PPE Jitter.Abs. age.2 age.1 test_time Jitter.DDP NHR Jitter.PPQ5 Shimmer.DDA HNR Jitter... Shimmer.dB. Shimmer Shimmer.APQ5 Shimmer.APQ3 Shimmer.APQ11 Jitter.RAP RPDE 
55.87335 52.262 40.17237 39.29282 39.26064 38.64827 38.26007 36.65156 36.67479 36.64857 36.66745 36.60285 36.4719 36.28643 36.16285 36.17498 36.15982 36.17735 36.03192 36.05205 36.02606 36.03301 
55.62871 44.03043 41.48009 40.30044 39.90794 39.45093 39.32912 38.44777 38.41227 38.3755 38.2834 38.18605 38.12877 37.95537 37.9007 37.81725 37.81465 37.82382 37.85995 37.96853 38.13051 38.29027 

TEST NUMBER 8 CROSSFOLD NUMBER -------------------- 8 
21 1 17 22 15 20 19 14 5 2 4 8 11 6 3 7 9 12 10 13 16 18 
age.3 age DFA DFA.1 HNR age.2 age.1 NHR Jitter.RAP test_time Jitter.Abs. Shimmer Shimmer.APQ5 Jitter.PPQ5 Jitter... Jitter.DDP Shimmer.dB. Shimmer.APQ11 Shimmer.APQ3 Shimmer.DDA RPDE PPE 
56.59143 52.7218 40.70379 39.76145 39.73763 39.51152 37.83844 37.52646 37.35779 37.38184 37.35525 36.98065 36.72055 36.68456 36.39743 36.41313 36.43523 36.40804 36.34014 36.36009 36.38334 36.39597 
51.0054 38.91827 36.7223 36.0487 35.78769 35.66419 34.3169 34.22891 34.16989 34.10693 34.05436 34.02075 33.83763 33.79001 33.7721 33.7622 33.83681 33.88165 33.89411 33.89241 33.9628 34.99609 

TEST NUMBER 8 CROSSFOLD NUMBER -------------------- 9 
21 1 17 18 4 8 11 5 6 20 19 2 15 13 3 9 14 16 7 10 12 22 
age.3 age DFA PPE Jitter.Abs. Shimmer Shimmer.APQ5 Jitter.RAP Jitter.PPQ5 age.2 age.1 test_time HNR Shimmer.DDA Jitter... Shimmer.dB. NHR RPDE Jitter.DDP Shimmer.APQ3 Shimmer.APQ11 DFA.1 
55.78577 52.06035 39.62345 38.6041 38.14434 37.81531 37.69543 37.61394 37.62607 37.53464 37.47833 35.82378 35.81244 35.74406 35.7386 35.74195 35.75475 35.7395 35.75815 35.78146 35.80348 35.78429 
57.66964 48.84906 46.51794 44.35829 43.65563 43.30491 43.05264 42.88275 42.73083 42.55162 40.69809 40.58136 40.47858 40.36472 40.28457 40.22225 40.18843 40.18143 40.18228 40.19448 40.23867 40.5532 

TEST NUMBER 8 CROSSFOLD NUMBER -------------------- 10 
21 1 17 22 18 4 9 11 5 6 13 15 20 19 3 12 7 2 10 16 14 8 
age.3 age DFA DFA.1 PPE Jitter.Abs. Shimmer.dB. Shimmer.APQ5 Jitter.RAP Jitter.PPQ5 Shimmer.DDA HNR age.2 age.1 Jitter... Shimmer.APQ11 Jitter.DDP test_time Shimmer.APQ3 RPDE NHR Shimmer 
56.6526 52.93271 40.85289 39.91562 39.87617 39.26901 38.88528 38.77279 38.78892 38.79428 38.74065 38.74069 38.58927 36.85776 36.87896 36.87393 36.89594 36.91923 36.85862 36.8808 36.86492 36.74756 
48.6361 36.90485 35.39679 34.65535 34.23459 33.70064 33.47927 33.39919 33.3639 33.25152 33.14324 33.05986 32.97186 31.71349 31.57912 31.56058 31.54247 31.54912 31.55925 31.57146 31.59009 31.7994 

TEST NUMBER 9 CROSSFOLD NUMBER -------------------- 1 
21 1 17 22 18 4 12 15 20 19 5 6 8 3 2 9 7 16 10 13 11 14 
age.3 age DFA DFA.1 PPE Jitter.Abs. Shimmer.APQ11 HNR age.2 age.1 Jitter.RAP Jitter.PPQ5 Shimmer Jitter... test_time Shimmer.dB. Jitter.DDP RPDE Shimmer.APQ3 Shimmer.DDA Shimmer.APQ5 NHR 
55.6063 52.14414 40.56005 39.68446 39.65427 39.07901 38.70398 38.63975 38.57779 37.17507 37.1951 37.18673 37.12573 36.749 36.75665 36.71352 36.71809 36.73825 36.72072 36.74233 36.76486 36.6787 
55.83409 39.83795 38.06126 36.81774 36.06604 35.47878 35.3518 35.24918 35.15141 33.34715 33.24053 32.87953 32.48414 32.40046 32.35145 32.32353 32.31788 32.31982 32.3573 32.36364 32.39299 32.45671 

TEST NUMBER 9 CROSSFOLD NUMBER -------------------- 2 
21 1 17 18 4 20 19 22 6 7 16 13 15 2 9 8 5 3 12 14 11 10 
age.3 age DFA PPE Jitter.Abs. age.2 age.1 DFA.1 Jitter.PPQ5 Jitter.DDP RPDE Shimmer.DDA HNR test_time Shimmer.dB. Shimmer Jitter.RAP Jitter... Shimmer.APQ11 NHR Shimmer.APQ5 Shimmer.APQ3 
56.29009 52.60198 40.4193 39.4516 38.95219 38.59609 38.58503 37.03191 37.05015 37.07058 36.94934 36.97068 36.63572 36.6043 36.56333 36.56169 36.574 36.59215 36.57865 36.50216 36.40355 36.40905 
51.3487 40.46865 39.32983 37.47724 36.96418 36.62973 35.28927 35.04391 35.03146 34.94234 34.92342 34.86672 34.48888 34.45726 34.43273 34.44889 34.47783 34.51434 34.53065 34.55781 34.72559 35.00039 

TEST NUMBER 9 CROSSFOLD NUMBER -------------------- 3 
21 20 17 18 8 11 22 2 14 16 9 5 4 7 12 6 13 3 10 15 1 19 
age.3 age.2 DFA PPE Shimmer Shimmer.APQ5 DFA.1 test_time NHR RPDE Shimmer.dB. Jitter.RAP Jitter.Abs. Jitter.DDP Shimmer.APQ11 Jitter.PPQ5 Shimmer.DDA Jitter... Shimmer.APQ3 HNR age age.1 
56.14231 52.43011 40.40337 39.39451 38.71836 38.54747 38.29683 37.95366 37.95244 37.93816 37.9575 37.97637 38.00113 37.79048 37.81263 37.83616 37.66179 37.62545 37.64995 37.67354 37.44839 35.7775 
53.74846 44.41047 42.46041 41.50525 41.20965 41.03699 40.91384 40.84388 40.83465 40.8026 40.76963 40.73997 40.68649 40.70775 40.73158 40.79565 40.88397 40.91086 40.94565 41.03693 41.43337 40.50719 

TEST NUMBER 9 CROSSFOLD NUMBER -------------------- 4 
21 1 17 18 9 22 4 15 5 6 20 19 8 11 2 3 7 16 14 13 12 10 
age.3 age DFA PPE Shimmer.dB. DFA.1 Jitter.Abs. HNR Jitter.RAP Jitter.PPQ5 age.2 age.1 Shimmer Shimmer.APQ5 test_time Jitter... Jitter.DDP RPDE NHR Shimmer.DDA Shimmer.APQ11 Shimmer.APQ3 
56.52279 52.77845 40.59871 39.626 38.98884 38.8277 38.81897 38.4614 38.3741 38.36315 38.29286 36.7443 36.76553 36.69462 36.55103 36.51985 36.53167 36.55255 36.53174 36.50056 36.4821 36.50058 
49.11185 38.30239 37.87805 37.25107 36.79958 36.5772 36.38832 36.16782 36.10384 35.89844 35.83135 34.17899 34.1096 34.01643 33.96044 33.91303 33.90481 33.91283 33.91515 33.97708 34.00292 34.06583 

TEST NUMBER 9 CROSSFOLD NUMBER -------------------- 5 
21 1 17 18 22 4 20 19 5 6 15 13 11 8 12 9 10 2 7 14 16 3 
age.3 age DFA PPE DFA.1 Jitter.Abs. age.2 age.1 Jitter.RAP Jitter.PPQ5 HNR Shimmer.DDA Shimmer.APQ5 Shimmer Shimmer.APQ11 Shimmer.dB. Shimmer.APQ3 test_time Jitter.DDP NHR RPDE Jitter... 
55.57115 51.92129 39.78965 38.92909 38.38034 38.38768 38.05108 36.42604 36.44929 36.46715 36.3717 36.3942 36.01769 35.98271 35.94573 35.91041 35.92155 35.94324 35.89875 35.91643 35.89424 35.88407 
58.4033 47.34531 44.89121 43.35136 42.29644 41.43189 41.25357 40.54085 40.52334 40.08822 40.08349 40.04937 39.73496 39.46403 39.39374 39.34038 39.34501 39.36159 39.37838 39.40475 39.51066 39.63702 

TEST NUMBER 9 CROSSFOLD NUMBER -------------------- 6 
21 1 17 22 18 4 14 20 19 2 3 15 16 10 11 8 9 13 6 12 5 7 
age.3 age DFA DFA.1 PPE Jitter.Abs. NHR age.2 age.1 test_time Jitter... HNR RPDE Shimmer.APQ3 Shimmer.APQ5 Shimmer Shimmer.dB. Shimmer.DDA Jitter.PPQ5 Shimmer.APQ11 Jitter.RAP Jitter.DDP 
55.83068 52.31802 40.20716 39.42652 39.39813 38.7645 38.37874 38.36987 36.87345 36.89741 36.89057 36.90077 36.91471 36.68554 36.70872 36.73101 36.68349 36.67523 36.64174 36.62154 36.21552 36.23841 
53.71453 43.00514 41.12162 39.14118 38.93117 38.44453 38.25936 38.13425 36.3953 36.23762 36.20536 36.19242 36.19679 36.23024 36.18864 36.12457 36.12974 36.15558 36.32261 36.21192 36.68193 36.73692 

TEST NUMBER 9 CROSSFOLD NUMBER -------------------- 7 
22 18 4 12 10 15 13 9 11 8 16 2 17 21 1 5 6 20 19 3 7 14 
DFA.1 PPE Jitter.Abs. Shimmer.APQ11 Shimmer.APQ3 HNR Shimmer.DDA Shimmer.dB. Shimmer.APQ5 Shimmer RPDE test_time DFA age.3 age Jitter.RAP Jitter.PPQ5 age.2 age.1 Jitter... Jitter.DDP NHR 
56.14497 52.02521 50.95008 50.59444 50.60443 50.12842 50.0755 50.10815 50.13451 50.16718 50.19612 50.14067 50.099 49.94618 38.20409 37.83311 37.82354 37.71237 35.98167 35.95453 35.96169 35.98308 
55.61068 54.11898 53.73579 53.43034 52.57675 52.38297 52.39351 52.40476 52.44612 52.49657 52.59548 52.74241 53.11826 53.71773 40.12516 39.82991 39.64449 39.51622 38.68002 38.64056 38.63082 38.76597 

TEST NUMBER 9 CROSSFOLD NUMBER -------------------- 8 
21 20 17 22 10 15 9 8 14 3 4 6 16 7 13 12 18 5 2 11 19 1 
age.3 age.2 DFA DFA.1 Shimmer.APQ3 HNR Shimmer.dB. Shimmer NHR Jitter... Jitter.Abs. Jitter.PPQ5 RPDE Jitter.DDP Shimmer.DDA Shimmer.APQ11 PPE Jitter.RAP test_time Shimmer.APQ5 age.1 age 
56.41965 52.55798 40.64947 39.61206 39.17186 39.18398 38.64336 38.66034 38.61925 38.63576 38.59323 38.53809 38.5521 38.56573 38.58108 38.60585 38.49978 37.7004 37.71841 37.68495 37.59077 36.01121 
51.80542 41.55991 40.3095 40.16172 40.14371 39.8911 39.84211 39.73409 39.64763 39.35379 39.2359 39.21756 39.20261 39.19302 39.20525 39.23409 39.31519 39.40212 39.55559 39.74853 40.28234 38.53003 

TEST NUMBER 9 CROSSFOLD NUMBER -------------------- 9 
21 1 17 22 18 14 9 15 2 20 19 12 5 6 4 7 16 3 8 11 13 10 
age.3 age DFA DFA.1 PPE NHR Shimmer.dB. HNR test_time age.2 age.1 Shimmer.APQ11 Jitter.RAP Jitter.PPQ5 Jitter.Abs. Jitter.DDP RPDE Jitter... Shimmer Shimmer.APQ5 Shimmer.DDA Shimmer.APQ3 
56.14739 52.63701 40.56775 39.65787 39.62274 39.05235 38.88174 38.84957 38.75958 38.76382 37.41201 37.39427 37.35635 37.38066 37.3912 36.81286 36.83365 36.74028 36.71707 36.6858 36.63347 36.65464 
53.20214 40.72355 37.95214 37.03574 36.26293 35.82584 35.68122 35.40484 35.24015 35.1831 33.12281 32.99126 32.97826 32.91735 32.84797 32.84491 32.85301 32.88027 32.93487 32.66641 32.68636 32.71252 

TEST NUMBER 9 CROSSFOLD NUMBER -------------------- 10 
21 1 17 22 20 19 10 12 8 9 13 2 6 18 3 5 7 16 14 4 15 11 
age.3 age DFA DFA.1 age.2 age.1 Shimmer.APQ3 Shimmer.APQ11 Shimmer Shimmer.dB. Shimmer.DDA test_time Jitter.PPQ5 PPE Jitter... Jitter.RAP Jitter.DDP RPDE NHR Jitter.Abs. HNR Shimmer.APQ5 
56.20829 52.22451 40.56891 39.64039 39.60346 37.842 37.51085 37.30229 37.283 37.19165 37.20699 37.22988 37.20513 37.21503 37.23498 37.24435 37.12357 37.14338 37.08674 37.07738 36.62 36.51601 
54.89513 39.41261 37.99569 37.17902 37.12192 34.68478 34.47867 34.34725 34.24255 34.06869 34.10792 34.15754 34.23307 34.18645 33.94847 33.42431 33.41725 33.41253 33.42881 33.6109 33.82811 34.03571 

TEST NUMBER 10 CROSSFOLD NUMBER -------------------- 1 
21 1 17 22 20 19 13 11 8 9 6 5 4 18 14 15 7 10 3 16 2 12 
age.3 age DFA DFA.1 age.2 age.1 Shimmer.DDA Shimmer.APQ5 Shimmer Shimmer.dB. Jitter.PPQ5 Jitter.RAP Jitter.Abs. PPE NHR HNR Jitter.DDP Shimmer.APQ3 Jitter... RPDE test_time Shimmer.APQ11 
55.90982 52.23756 40.34743 39.41871 39.39459 37.49718 37.17384 36.97373 36.91596 36.78648 36.79586 36.79317 36.76735 36.30633 36.29287 36.31012 36.22289 36.24611 36.26767 36.26888 36.23799 36.1827 
54.87589 41.95376 39.91909 39.12845 38.96228 37.72289 37.48349 37.25663 37.24554 37.17624 37.15969 37.15844 37.08422 36.77327 36.73611 36.63652 36.62447 36.6407 36.66267 36.70216 36.75106 36.93031 

TEST NUMBER 10 CROSSFOLD NUMBER -------------------- 2 
21 1 17 22 18 4 2 8 15 11 7 14 9 6 12 10 3 16 5 13 19 20 
age.3 age DFA DFA.1 PPE Jitter.Abs. test_time Shimmer HNR Shimmer.APQ5 Jitter.DDP NHR Shimmer.dB. Jitter.PPQ5 Shimmer.APQ11 Shimmer.APQ3 Jitter... RPDE Jitter.RAP Shimmer.DDA age.1 age.2 
55.583 51.68366 39.71363 38.85142 38.80232 38.24281 37.83136 37.83941 37.70044 37.61006 37.55472 37.52866 37.48366 37.49058 37.31949 37.33536 37.3405 37.3628 37.38312 37.40563 37.42645 35.73675 
59.76893 47.32662 45.58279 44.23286 43.38567 43.01796 42.89026 42.79313 42.26234 42.20437 42.14947 42.03688 41.96998 41.93773 41.92456 41.90452 41.89376 41.885 41.89676 41.93122 42.12876 40.86886 

TEST NUMBER 10 CROSSFOLD NUMBER -------------------- 3 
21 1 17 22 18 4 8 11 20 19 5 3 12 6 9 7 2 10 13 15 16 14 
age.3 age DFA DFA.1 PPE Jitter.Abs. Shimmer Shimmer.APQ5 age.2 age.1 Jitter.RAP Jitter... Shimmer.APQ11 Jitter.PPQ5 Shimmer.dB. Jitter.DDP test_time Shimmer.APQ3 Shimmer.DDA HNR RPDE NHR 
55.51999 51.85828 39.9441 39.07294 39.0371 38.4962 38.15521 38.01374 37.93285 36.43897 36.46271 36.4179 36.3485 36.33009 36.14061 36.15159 36.17367 36.13561 36.15907 36.18251 36.12089 36.10088 
57.93421 44.98291 43.5363 42.23512 41.22412 40.36296 40.20775 39.96512 39.86456 38.0676 38.02302 37.65237 37.55618 37.47832 37.43115 37.41325 37.39554 37.39552 37.39437 37.40623 37.41344 37.53752 

TEST NUMBER 10 CROSSFOLD NUMBER -------------------- 4 
21 1 17 18 4 22 12 2 15 5 3 16 7 19 20 6 14 11 13 9 10 8 
age.3 age DFA PPE Jitter.Abs. DFA.1 Shimmer.APQ11 test_time HNR Jitter.RAP Jitter... RPDE Jitter.DDP age.1 age.2 Jitter.PPQ5 NHR Shimmer.APQ5 Shimmer.DDA Shimmer.dB. Shimmer.APQ3 Shimmer 
56.82828 52.90099 40.57211 39.64049 39.0394 38.70776 38.6542 38.59203 38.59537 38.51344 38.51733 38.53316 38.55578 38.58077 37.03345 36.98135 36.92035 36.5156 36.48171 36.50446 36.52813 36.41717 
48.53799 38.99068 37.99923 36.95072 36.19164 35.72024 35.609 35.55985 35.53173 35.4417 35.4273 35.42943 35.43668 35.51721 34.1531 34.24714 34.37251 34.61503 34.70585 34.70397 34.70546 35.04084 

TEST NUMBER 10 CROSSFOLD NUMBER -------------------- 5 
21 1 10 18 17 22 4 15 16 2 20 19 11 14 5 6 3 8 12 7 13 9 
age.3 age Shimmer.APQ3 PPE DFA DFA.1 Jitter.Abs. HNR RPDE test_time age.2 age.1 Shimmer.APQ5 NHR Jitter.RAP Jitter.PPQ5 Jitter... Shimmer Shimmer.APQ11 Jitter.DDP Shimmer.DDA Shimmer.dB. 
56.25481 52.42792 40.38497 40.39398 39.40554 38.73174 38.72024 38.36605 38.2518 38.24928 38.2341 36.6912 36.71011 36.72791 36.75186 36.68462 36.38637 36.37659 36.36111 36.3489 36.37096 36.34912 
52.05824 39.82002 38.89844 38.50276 38.09244 37.5092 37.34351 37.29515 37.25644 37.2383 37.2202 36.03859 35.96733 35.95242 35.89678 35.4987 35.44015 35.40964 35.36341 35.35073 35.34684 35.49339 

TEST NUMBER 10 CROSSFOLD NUMBER -------------------- 6 
21 1 17 22 8 11 20 19 12 9 13 10 16 2 6 5 4 18 3 14 7 15 
age.3 age DFA DFA.1 Shimmer Shimmer.APQ5 age.2 age.1 Shimmer.APQ11 Shimmer.dB. Shimmer.DDA Shimmer.APQ3 RPDE test_time Jitter.PPQ5 Jitter.RAP Jitter.Abs. PPE Jitter... NHR Jitter.DDP HNR 
56.04141 52.46744 40.30417 39.34448 39.30101 39.31536 39.19556 37.41571 36.75114 36.73368 36.74658 36.74964 36.77331 36.78691 36.75951 36.77025 36.73197 36.26701 36.19286 36.2031 36.1968 36.21895 
53.38529 42.27324 40.32471 39.78922 39.78343 39.56678 39.56074 36.90906 36.8504 36.85106 36.83556 36.83649 36.84305 36.89807 36.99918 37.02451 36.81275 36.63931 36.50171 36.48611 36.47231 36.5108 

TEST NUMBER 10 CROSSFOLD NUMBER -------------------- 7 
21 1 17 18 22 6 20 19 2 16 15 14 5 4 3 7 12 8 11 9 10 13 
age.3 age DFA PPE DFA.1 Jitter.PPQ5 age.2 age.1 test_time RPDE HNR NHR Jitter.RAP Jitter.Abs. Jitter... Jitter.DDP Shimmer.APQ11 Shimmer Shimmer.APQ5 Shimmer.dB. Shimmer.APQ3 Shimmer.DDA 
56.25646 52.44977 40.17907 39.28543 38.71979 38.71913 38.65718 37.10603 37.09186 37.06388 37.08504 36.99644 36.74334 36.76461 36.15753 36.16115 36.17441 36.13848 36.13856 36.06384 36.05982 36.08312 
53.51194 43.45739 41.42685 40.06571 39.20588 39.04421 39.0207 37.93392 37.93859 38.03615 38.11025 38.09453 38.12892 37.85976 37.86772 37.93827 38.22421 37.93329 37.82399 37.78754 37.82387 37.83511 

TEST NUMBER 10 CROSSFOLD NUMBER -------------------- 8 
21 1 17 18 12 20 19 2 6 22 4 5 15 16 14 7 3 9 11 10 13 8 
age.3 age DFA PPE Shimmer.APQ11 age.2 age.1 test_time Jitter.PPQ5 DFA.1 Jitter.Abs. Jitter.RAP HNR RPDE NHR Jitter.DDP Jitter... Shimmer.dB. Shimmer.APQ5 Shimmer.APQ3 Shimmer.DDA Shimmer 
56.34374 52.73964 40.676 39.68555 39.09634 39.0584 39.07319 37.559 37.56476 37.54433 37.54737 37.15708 37.07064 37.06884 37.01225 36.64468 36.66261 36.63169 36.64896 36.61116 36.63485 36.52707 
51.11128 38.83723 37.0465 35.9259 35.53141 35.35302 34.07211 33.84309 33.83116 33.87545 33.86058 33.39255 33.28734 33.2827 33.2652 33.2918 33.36755 33.51368 33.53092 33.93678 33.93314 34.03254 

TEST NUMBER 10 CROSSFOLD NUMBER -------------------- 9 
21 19 17 18 4 14 7 15 3 16 13 20 1 11 8 12 9 10 5 6 2 22 
age.3 age.1 DFA PPE Jitter.Abs. NHR Jitter.DDP HNR Jitter... RPDE Shimmer.DDA age.2 age Shimmer.APQ5 Shimmer Shimmer.APQ11 Shimmer.dB. Shimmer.APQ3 Jitter.RAP Jitter.PPQ5 test_time DFA.1 
56.32468 52.72767 40.82631 39.80328 39.19878 38.89814 38.87851 38.8885 38.83592 38.8562 38.87275 38.63944 38.42199 36.94568 36.94956 36.93434 36.94211 36.91706 36.93747 36.95023 36.7238 36.64278 
50.41696 38.2774 36.80314 35.73292 35.05094 34.77252 34.61086 34.57936 34.57858 34.58965 34.62047 34.59833 32.39807 32.16801 32.12496 31.9863 31.93958 31.99376 32.0673 32.19723 32.48451 32.84476 

TEST NUMBER 10 CROSSFOLD NUMBER -------------------- 10 
21 1 17 18 22 8 11 15 20 19 9 16 2 10 13 6 5 4 3 7 12 14 
age.3 age DFA PPE DFA.1 Shimmer Shimmer.APQ5 HNR age.2 age.1 Shimmer.dB. RPDE test_time Shimmer.APQ3 Shimmer.DDA Jitter.PPQ5 Jitter.RAP Jitter.Abs. Jitter... Jitter.DDP Shimmer.APQ11 NHR 
55.84251 52.18608 40.42224 39.4926 38.87831 38.8836 38.68465 38.46281 38.44387 36.99939 36.99543 37.0054 36.96241 36.93922 36.94872 36.97148 36.99554 36.95154 36.43013 36.43329 36.45471 36.43651 
55.62619 41.37496 39.25605 38.41273 37.76551 37.54732 37.03066 36.79253 36.6921 35.21102 35.11188 35.0488 34.98931 34.99165 35.01308 35.0395 34.8531 34.55297 34.50034 34.49617 34.53981 34.58407 
